Comparison[0.1377]  EntRel[0.0975]  Expansion[0.5363]  NoRel[0.0035]  Temporal[0.0113]  Contingency[0.2137]  Expansion
Comparison[0.0535]  EntRel[0.1209]  Expansion[0.4508]  NoRel[0.0338]  Temporal[0.0492]  Contingency[0.2919]  Expansion
Comparison[0.1177]  EntRel[0.3485]  Expansion[0.2598]  NoRel[0.0283]  Temporal[0.0929]  Contingency[0.1528]  EntRel
Comparison[0.1261]  EntRel[0.3691]  Expansion[0.1956]  NoRel[0.0424]  Temporal[0.0991]  Contingency[0.1678]  EntRel
Comparison[0.0424]  EntRel[0.8847]  Expansion[0.0570]  NoRel[0.0094]  Temporal[0.0046]  Contingency[0.0019]  EntRel
Comparison[0.1130]  EntRel[0.0928]  Expansion[0.5620]  NoRel[0.0006]  Temporal[0.0052]  Contingency[0.2265]  Expansion
Comparison[0.1700]  EntRel[0.0675]  Expansion[0.4502]  NoRel[0.0128]  Temporal[0.0138]  Contingency[0.2856]  Expansion
Comparison[0.1137]  EntRel[0.2274]  Expansion[0.3353]  NoRel[0.0108]  Temporal[0.0676]  Contingency[0.2452]  Expansion
Comparison[0.1148]  EntRel[0.2877]  Expansion[0.3614]  NoRel[0.0016]  Temporal[0.0883]  Contingency[0.1462]  Expansion
Comparison[0.0729]  EntRel[0.5502]  Expansion[0.2755]  NoRel[0.0110]  Temporal[0.0661]  Contingency[0.0241]  EntRel
Comparison[0.0529]  EntRel[0.2470]  Expansion[0.3882]  NoRel[0.0365]  Temporal[0.0597]  Contingency[0.2157]  Expansion
Comparison[0.1180]  EntRel[0.1807]  Expansion[0.3547]  NoRel[0.0030]  Temporal[0.1890]  Contingency[0.1545]  Expansion
Comparison[0.0525]  EntRel[0.3388]  Expansion[0.4954]  NoRel[0.0057]  Temporal[0.0687]  Contingency[0.0388]  Expansion
Comparison[0.1213]  EntRel[0.1567]  Expansion[0.3523]  NoRel[0.0090]  Temporal[0.1035]  Contingency[0.2573]  Expansion
Comparison[0.1528]  EntRel[0.2171]  Expansion[0.2769]  NoRel[0.0226]  Temporal[0.1327]  Contingency[0.1979]  Expansion
Comparison[0.1006]  EntRel[0.1327]  Expansion[0.4252]  NoRel[0.0262]  Temporal[0.0495]  Contingency[0.2658]  Expansion
Comparison[0.1592]  EntRel[0.3246]  Expansion[0.1619]  NoRel[0.0648]  Temporal[0.1309]  Contingency[0.1585]  EntRel
Comparison[0.1213]  EntRel[0.2222]  Expansion[0.2665]  NoRel[0.0115]  Temporal[0.0721]  Contingency[0.3064]  Contingency
Comparison[0.1324]  EntRel[0.3853]  Expansion[0.3176]  NoRel[0.0071]  Temporal[0.0412]  Contingency[0.1164]  EntRel
Comparison[0.0366]  EntRel[0.7242]  Expansion[0.1661]  NoRel[0.0395]  Temporal[0.0173]  Contingency[0.0162]  EntRel
Comparison[0.0518]  EntRel[0.2561]  Expansion[0.3314]  NoRel[0.0150]  Temporal[0.1166]  Contingency[0.2291]  Expansion
Comparison[0.1332]  EntRel[0.1645]  Expansion[0.3193]  NoRel[0.0236]  Temporal[0.0593]  Contingency[0.3002]  Expansion
Comparison[0.0673]  EntRel[0.1909]  Expansion[0.4014]  NoRel[0.0117]  Temporal[0.0552]  Contingency[0.2736]  Expansion
Comparison[0.0433]  EntRel[0.6745]  Expansion[0.1378]  NoRel[0.0969]  Temporal[0.0371]  Contingency[0.0105]  EntRel
Comparison[0.0579]  EntRel[0.3747]  Expansion[0.4728]  NoRel[0.0064]  Temporal[0.0749]  Contingency[0.0133]  Expansion
Comparison[0.0727]  EntRel[0.3189]  Expansion[0.4098]  NoRel[0.0174]  Temporal[0.0634]  Contingency[0.1177]  Expansion
Comparison[0.2194]  EntRel[0.1907]  Expansion[0.4361]  NoRel[0.0087]  Temporal[0.0811]  Contingency[0.0639]  Expansion
Comparison[0.0743]  EntRel[0.4611]  Expansion[0.1553]  NoRel[0.0515]  Temporal[0.1719]  Contingency[0.0859]  EntRel
Comparison[0.0929]  EntRel[0.1313]  Expansion[0.4806]  NoRel[0.0097]  Temporal[0.1132]  Contingency[0.1724]  Expansion
Comparison[0.0512]  EntRel[0.2991]  Expansion[0.4187]  NoRel[0.0025]  Temporal[0.0816]  Contingency[0.1468]  Expansion
Comparison[0.1250]  EntRel[0.2131]  Expansion[0.2387]  NoRel[0.0206]  Temporal[0.1103]  Contingency[0.2923]  Contingency
Comparison[0.0379]  EntRel[0.3442]  Expansion[0.3927]  NoRel[0.0014]  Temporal[0.0566]  Contingency[0.1673]  Expansion
Comparison[0.1384]  EntRel[0.2035]  Expansion[0.3634]  NoRel[0.0133]  Temporal[0.0638]  Contingency[0.2176]  Expansion
Comparison[0.1498]  EntRel[0.0908]  Expansion[0.3022]  NoRel[0.0010]  Temporal[0.0130]  Contingency[0.4433]  Contingency
Comparison[0.1615]  EntRel[0.3855]  Expansion[0.3403]  NoRel[0.0088]  Temporal[0.0473]  Contingency[0.0566]  EntRel
Comparison[0.0763]  EntRel[0.2398]  Expansion[0.4472]  NoRel[0.0207]  Temporal[0.0708]  Contingency[0.1452]  Expansion
Comparison[0.0226]  EntRel[0.4491]  Expansion[0.4554]  NoRel[0.0305]  Temporal[0.0307]  Contingency[0.0116]  Expansion
Comparison[0.0287]  EntRel[0.2871]  Expansion[0.4796]  NoRel[0.0147]  Temporal[0.0401]  Contingency[0.1497]  Expansion
Comparison[0.0192]  EntRel[0.5470]  Expansion[0.1663]  NoRel[0.1874]  Temporal[0.0579]  Contingency[0.0223]  EntRel
Comparison[0.0846]  EntRel[0.3506]  Expansion[0.4170]  NoRel[0.0196]  Temporal[0.0218]  Contingency[0.1064]  Expansion
Comparison[0.0536]  EntRel[0.1978]  Expansion[0.4467]  NoRel[0.0045]  Temporal[0.0358]  Contingency[0.2616]  Expansion
Comparison[0.0443]  EntRel[0.5449]  Expansion[0.2183]  NoRel[0.0216]  Temporal[0.0530]  Contingency[0.1178]  EntRel
