Comparison[0.0922]  EntRel[0.3297]  Expansion[0.3489]  NoRel[0.0245]  Temporal[0.0460]  Contingency[0.1586]  Expansion
Comparison[0.0921]  EntRel[0.2902]  Expansion[0.3934]  NoRel[0.0221]  Temporal[0.0774]  Contingency[0.1247]  Expansion
Comparison[0.0821]  EntRel[0.2239]  Expansion[0.3579]  NoRel[0.0206]  Temporal[0.0364]  Contingency[0.2791]  Expansion
Comparison[0.0756]  EntRel[0.0955]  Expansion[0.3097]  NoRel[0.0040]  Temporal[0.0483]  Contingency[0.4669]  Contingency
Comparison[0.0825]  EntRel[0.3402]  Expansion[0.3300]  NoRel[0.0208]  Temporal[0.0990]  Contingency[0.1275]  EntRel
Comparison[0.0842]  EntRel[0.3079]  Expansion[0.4051]  NoRel[0.0184]  Temporal[0.1042]  Contingency[0.0803]  Expansion
Comparison[0.0687]  EntRel[0.2163]  Expansion[0.4911]  NoRel[0.0366]  Temporal[0.0656]  Contingency[0.1218]  Expansion
Comparison[0.0625]  EntRel[0.3173]  Expansion[0.3933]  NoRel[0.0444]  Temporal[0.0546]  Contingency[0.1279]  Expansion
Comparison[0.0917]  EntRel[0.2449]  Expansion[0.3507]  NoRel[0.0281]  Temporal[0.0876]  Contingency[0.1969]  Expansion
Comparison[0.0937]  EntRel[0.3455]  Expansion[0.3121]  NoRel[0.0414]  Temporal[0.0752]  Contingency[0.1322]  EntRel
Comparison[0.1440]  EntRel[0.2558]  Expansion[0.3760]  NoRel[0.0082]  Temporal[0.0417]  Contingency[0.1742]  Expansion
Comparison[0.0885]  EntRel[0.0759]  Expansion[0.5348]  NoRel[0.0006]  Temporal[0.0281]  Contingency[0.2721]  Expansion
Comparison[0.1033]  EntRel[0.1714]  Expansion[0.4709]  NoRel[0.0060]  Temporal[0.0444]  Contingency[0.2040]  Expansion
Comparison[0.0460]  EntRel[0.3013]  Expansion[0.4825]  NoRel[0.0035]  Temporal[0.0137]  Contingency[0.1530]  Expansion
Comparison[0.0801]  EntRel[0.4753]  Expansion[0.3584]  NoRel[0.0018]  Temporal[0.0031]  Contingency[0.0813]  EntRel
Comparison[0.0881]  EntRel[0.2682]  Expansion[0.4024]  NoRel[0.0152]  Temporal[0.0889]  Contingency[0.1372]  Expansion
Comparison[0.1187]  EntRel[0.1960]  Expansion[0.4309]  NoRel[0.0035]  Temporal[0.0520]  Contingency[0.1989]  Expansion
Comparison[0.1190]  EntRel[0.0701]  Expansion[0.4512]  NoRel[0.0012]  Temporal[0.0239]  Contingency[0.3346]  Expansion
Comparison[0.1380]  EntRel[0.2624]  Expansion[0.4852]  NoRel[0.0069]  Temporal[0.0533]  Contingency[0.0541]  Expansion
Comparison[0.1635]  EntRel[0.3006]  Expansion[0.3327]  NoRel[0.0197]  Temporal[0.0779]  Contingency[0.1057]  Expansion
Comparison[0.0991]  EntRel[0.2479]  Expansion[0.4721]  NoRel[0.0377]  Temporal[0.0703]  Contingency[0.0729]  Expansion
Comparison[0.1186]  EntRel[0.2764]  Expansion[0.3724]  NoRel[0.0225]  Temporal[0.0839]  Contingency[0.1262]  Expansion
Comparison[0.0715]  EntRel[0.2395]  Expansion[0.4138]  NoRel[0.0146]  Temporal[0.1455]  Contingency[0.1152]  Expansion
Comparison[0.1146]  EntRel[0.2838]  Expansion[0.2764]  NoRel[0.0171]  Temporal[0.2231]  Contingency[0.0850]  EntRel
Comparison[0.1216]  EntRel[0.2463]  Expansion[0.3819]  NoRel[0.0248]  Temporal[0.1030]  Contingency[0.1224]  Expansion
Comparison[0.0751]  EntRel[0.3282]  Expansion[0.3584]  NoRel[0.0124]  Temporal[0.1478]  Contingency[0.0780]  Expansion
Comparison[0.0693]  EntRel[0.3540]  Expansion[0.3106]  NoRel[0.0497]  Temporal[0.1332]  Contingency[0.0832]  EntRel
Comparison[0.0879]  EntRel[0.2835]  Expansion[0.4712]  NoRel[0.0201]  Temporal[0.0705]  Contingency[0.0668]  Expansion
Comparison[0.1428]  EntRel[0.2991]  Expansion[0.2806]  NoRel[0.0237]  Temporal[0.1330]  Contingency[0.1209]  EntRel
Comparison[0.1013]  EntRel[0.2478]  Expansion[0.2664]  NoRel[0.0290]  Temporal[0.2723]  Contingency[0.0834]  Temporal
Comparison[0.1494]  EntRel[0.1831]  Expansion[0.4044]  NoRel[0.0086]  Temporal[0.1440]  Contingency[0.1105]  Expansion
Comparison[0.1477]  EntRel[0.1649]  Expansion[0.4157]  NoRel[0.0049]  Temporal[0.2325]  Contingency[0.0344]  Expansion
Comparison[0.1116]  EntRel[0.2564]  Expansion[0.4442]  NoRel[0.0079]  Temporal[0.0977]  Contingency[0.0821]  Expansion
Comparison[0.0904]  EntRel[0.2367]  Expansion[0.3916]  NoRel[0.0057]  Temporal[0.1789]  Contingency[0.0967]  Expansion
Comparison[0.0927]  EntRel[0.2076]  Expansion[0.3308]  NoRel[0.0257]  Temporal[0.2142]  Contingency[0.1290]  Expansion
Comparison[0.1167]  EntRel[0.2464]  Expansion[0.3847]  NoRel[0.0154]  Temporal[0.0626]  Contingency[0.1742]  Expansion
Comparison[0.0968]  EntRel[0.3043]  Expansion[0.3824]  NoRel[0.0184]  Temporal[0.0957]  Contingency[0.1024]  Expansion
Comparison[0.1320]  EntRel[0.1872]  Expansion[0.4340]  NoRel[0.0142]  Temporal[0.1148]  Contingency[0.1178]  Expansion
Comparison[0.1244]  EntRel[0.2847]  Expansion[0.3347]  NoRel[0.0191]  Temporal[0.1153]  Contingency[0.1218]  Expansion
Comparison[0.1175]  EntRel[0.3378]  Expansion[0.3237]  NoRel[0.0183]  Temporal[0.0984]  Contingency[0.1044]  EntRel
Comparison[0.0739]  EntRel[0.3792]  Expansion[0.2574]  NoRel[0.0224]  Temporal[0.1135]  Contingency[0.1536]  EntRel
Comparison[0.0980]  EntRel[0.2989]  Expansion[0.3520]  NoRel[0.0041]  Temporal[0.0984]  Contingency[0.1486]  Expansion
Comparison[0.1112]  EntRel[0.2374]  Expansion[0.4359]  NoRel[0.0176]  Temporal[0.0755]  Contingency[0.1224]  Expansion
Comparison[0.1399]  EntRel[0.1939]  Expansion[0.4160]  NoRel[0.0136]  Temporal[0.1409]  Contingency[0.0956]  Expansion
Comparison[0.2029]  EntRel[0.2156]  Expansion[0.3585]  NoRel[0.0054]  Temporal[0.2062]  Contingency[0.0114]  Expansion
Comparison[0.2037]  EntRel[0.3198]  Expansion[0.3534]  NoRel[0.0163]  Temporal[0.0783]  Contingency[0.0284]  Expansion
Comparison[0.1338]  EntRel[0.2567]  Expansion[0.3607]  NoRel[0.0084]  Temporal[0.1875]  Contingency[0.0529]  Expansion
Comparison[0.0569]  EntRel[0.3288]  Expansion[0.4333]  NoRel[0.0015]  Temporal[0.0807]  Contingency[0.0987]  Expansion
Comparison[0.1597]  EntRel[0.2739]  Expansion[0.3474]  NoRel[0.0038]  Temporal[0.0992]  Contingency[0.1160]  Expansion
Comparison[0.0919]  EntRel[0.3503]  Expansion[0.3141]  NoRel[0.0115]  Temporal[0.1458]  Contingency[0.0863]  EntRel
Comparison[0.0738]  EntRel[0.3232]  Expansion[0.3206]  NoRel[0.0133]  Temporal[0.1611]  Contingency[0.1081]  EntRel
Comparison[0.0537]  EntRel[0.1953]  Expansion[0.4408]  NoRel[0.0089]  Temporal[0.1737]  Contingency[0.1276]  Expansion
Comparison[0.1085]  EntRel[0.2603]  Expansion[0.3943]  NoRel[0.0079]  Temporal[0.1340]  Contingency[0.0951]  Expansion
Comparison[0.0702]  EntRel[0.2845]  Expansion[0.4887]  NoRel[0.0104]  Temporal[0.0938]  Contingency[0.0524]  Expansion
Comparison[0.0636]  EntRel[0.4343]  Expansion[0.3339]  NoRel[0.0031]  Temporal[0.1170]  Contingency[0.0481]  EntRel
Comparison[0.0540]  EntRel[0.3147]  Expansion[0.1727]  NoRel[0.0068]  Temporal[0.2092]  Contingency[0.2426]  EntRel
Comparison[0.0675]  EntRel[0.3336]  Expansion[0.3985]  NoRel[0.0027]  Temporal[0.1071]  Contingency[0.0906]  Expansion
Comparison[0.0893]  EntRel[0.2927]  Expansion[0.3479]  NoRel[0.0188]  Temporal[0.1201]  Contingency[0.1312]  Expansion
Comparison[0.0862]  EntRel[0.1940]  Expansion[0.4143]  NoRel[0.0106]  Temporal[0.1658]  Contingency[0.1291]  Expansion
Comparison[0.1955]  EntRel[0.2535]  Expansion[0.2898]  NoRel[0.0077]  Temporal[0.1635]  Contingency[0.0900]  Expansion
Comparison[0.1473]  EntRel[0.2987]  Expansion[0.3508]  NoRel[0.0391]  Temporal[0.0976]  Contingency[0.0666]  Expansion
Comparison[0.0955]  EntRel[0.1982]  Expansion[0.5757]  NoRel[0.0103]  Temporal[0.0864]  Contingency[0.0338]  Expansion
Comparison[0.2376]  EntRel[0.1769]  Expansion[0.3781]  NoRel[0.0081]  Temporal[0.1730]  Contingency[0.0262]  Expansion
Comparison[0.0979]  EntRel[0.2119]  Expansion[0.3808]  NoRel[0.0363]  Temporal[0.1473]  Contingency[0.1258]  Expansion
Comparison[0.0940]  EntRel[0.2261]  Expansion[0.3819]  NoRel[0.0215]  Temporal[0.1383]  Contingency[0.1382]  Expansion
Comparison[0.1039]  EntRel[0.3041]  Expansion[0.3444]  NoRel[0.0148]  Temporal[0.1369]  Contingency[0.0959]  Expansion
Comparison[0.0385]  EntRel[0.2506]  Expansion[0.5457]  NoRel[0.0126]  Temporal[0.0959]  Contingency[0.0566]  Expansion
Comparison[0.1842]  EntRel[0.2185]  Expansion[0.4702]  NoRel[0.0069]  Temporal[0.1066]  Contingency[0.0136]  Expansion
Comparison[0.1130]  EntRel[0.2065]  Expansion[0.3437]  NoRel[0.0098]  Temporal[0.2032]  Contingency[0.1238]  Expansion
Comparison[0.1525]  EntRel[0.3465]  Expansion[0.2522]  NoRel[0.0128]  Temporal[0.0574]  Contingency[0.1787]  EntRel
Comparison[0.1033]  EntRel[0.2633]  Expansion[0.3509]  NoRel[0.0330]  Temporal[0.0765]  Contingency[0.1730]  Expansion
Comparison[0.0911]  EntRel[0.1037]  Expansion[0.5670]  NoRel[0.0008]  Temporal[0.0104]  Contingency[0.2270]  Expansion
Comparison[0.1105]  EntRel[0.2020]  Expansion[0.4079]  NoRel[0.0003]  Temporal[0.0626]  Contingency[0.2167]  Expansion
Comparison[0.0742]  EntRel[0.2037]  Expansion[0.4710]  NoRel[0.0047]  Temporal[0.0828]  Contingency[0.1636]  Expansion
Comparison[0.1028]  EntRel[0.2122]  Expansion[0.3358]  NoRel[0.0186]  Temporal[0.0753]  Contingency[0.2552]  Expansion
Comparison[0.0588]  EntRel[0.1632]  Expansion[0.3996]  NoRel[0.0012]  Temporal[0.0333]  Contingency[0.3439]  Expansion
Comparison[0.0799]  EntRel[0.1499]  Expansion[0.4875]  NoRel[0.0038]  Temporal[0.0602]  Contingency[0.2187]  Expansion
Comparison[0.1184]  EntRel[0.2143]  Expansion[0.3645]  NoRel[0.0015]  Temporal[0.2231]  Contingency[0.0781]  Expansion
Comparison[0.0841]  EntRel[0.2574]  Expansion[0.3860]  NoRel[0.0063]  Temporal[0.0913]  Contingency[0.1748]  Expansion
Comparison[0.0649]  EntRel[0.2371]  Expansion[0.3818]  NoRel[0.0021]  Temporal[0.0482]  Contingency[0.2658]  Expansion
Comparison[0.1122]  EntRel[0.2382]  Expansion[0.3665]  NoRel[0.0339]  Temporal[0.0756]  Contingency[0.1736]  Expansion
Comparison[0.1419]  EntRel[0.2833]  Expansion[0.3321]  NoRel[0.0190]  Temporal[0.0958]  Contingency[0.1278]  Expansion
Comparison[0.1691]  EntRel[0.1088]  Expansion[0.5331]  NoRel[0.0069]  Temporal[0.0649]  Contingency[0.1172]  Expansion
Comparison[0.0688]  EntRel[0.1914]  Expansion[0.4622]  NoRel[0.0011]  Temporal[0.0412]  Contingency[0.2353]  Expansion
Comparison[0.0786]  EntRel[0.2897]  Expansion[0.3955]  NoRel[0.0072]  Temporal[0.0990]  Contingency[0.1300]  Expansion
Comparison[0.0930]  EntRel[0.2923]  Expansion[0.3582]  NoRel[0.0030]  Temporal[0.0603]  Contingency[0.1931]  Expansion
Comparison[0.0528]  EntRel[0.2062]  Expansion[0.4220]  NoRel[0.0116]  Temporal[0.1061]  Contingency[0.2014]  Expansion
Comparison[0.1664]  EntRel[0.2024]  Expansion[0.3816]  NoRel[0.0056]  Temporal[0.0708]  Contingency[0.1732]  Expansion
Comparison[0.1891]  EntRel[0.1537]  Expansion[0.3845]  NoRel[0.0133]  Temporal[0.0496]  Contingency[0.2098]  Expansion
Comparison[0.0707]  EntRel[0.1750]  Expansion[0.3242]  NoRel[0.0013]  Temporal[0.1220]  Contingency[0.3068]  Expansion
Comparison[0.0488]  EntRel[0.4366]  Expansion[0.3175]  NoRel[0.0288]  Temporal[0.0486]  Contingency[0.1197]  EntRel
Comparison[0.1225]  EntRel[0.2435]  Expansion[0.3945]  NoRel[0.0284]  Temporal[0.1044]  Contingency[0.1066]  Expansion
Comparison[0.1013]  EntRel[0.3612]  Expansion[0.3587]  NoRel[0.0462]  Temporal[0.0388]  Contingency[0.0938]  EntRel
Comparison[0.1019]  EntRel[0.3069]  Expansion[0.3610]  NoRel[0.0137]  Temporal[0.0432]  Contingency[0.1734]  Expansion
Comparison[0.0491]  EntRel[0.1992]  Expansion[0.3301]  NoRel[0.0032]  Temporal[0.0160]  Contingency[0.4025]  Contingency
Comparison[0.1403]  EntRel[0.2040]  Expansion[0.3414]  NoRel[0.0039]  Temporal[0.0208]  Contingency[0.2897]  Expansion
Comparison[0.1002]  EntRel[0.2511]  Expansion[0.3885]  NoRel[0.0105]  Temporal[0.0512]  Contingency[0.1986]  Expansion
Comparison[0.1005]  EntRel[0.1911]  Expansion[0.3393]  NoRel[0.0059]  Temporal[0.1482]  Contingency[0.2150]  Expansion
Comparison[0.1184]  EntRel[0.1572]  Expansion[0.4022]  NoRel[0.0022]  Temporal[0.0052]  Contingency[0.3148]  Expansion
Comparison[0.0959]  EntRel[0.1447]  Expansion[0.4902]  NoRel[0.0055]  Temporal[0.0123]  Contingency[0.2515]  Expansion
Comparison[0.2517]  EntRel[0.2304]  Expansion[0.2576]  NoRel[0.0242]  Temporal[0.0711]  Contingency[0.1650]  Expansion
Comparison[0.1384]  EntRel[0.1822]  Expansion[0.3398]  NoRel[0.0466]  Temporal[0.1152]  Contingency[0.1778]  Expansion
Comparison[0.1400]  EntRel[0.1217]  Expansion[0.3982]  NoRel[0.0360]  Temporal[0.0132]  Contingency[0.2908]  Expansion
Comparison[0.0693]  EntRel[0.0738]  Expansion[0.4263]  NoRel[0.0034]  Temporal[0.0093]  Contingency[0.4179]  Expansion
Comparison[0.0784]  EntRel[0.2038]  Expansion[0.3549]  NoRel[0.0083]  Temporal[0.0367]  Contingency[0.3179]  Expansion
Comparison[0.1445]  EntRel[0.1807]  Expansion[0.5293]  NoRel[0.0017]  Temporal[0.0594]  Contingency[0.0843]  Expansion
Comparison[0.1261]  EntRel[0.1414]  Expansion[0.4614]  NoRel[0.0006]  Temporal[0.0130]  Contingency[0.2574]  Expansion
Comparison[0.1026]  EntRel[0.1839]  Expansion[0.4303]  NoRel[0.0022]  Temporal[0.0229]  Contingency[0.2581]  Expansion
Comparison[0.0782]  EntRel[0.2486]  Expansion[0.4632]  NoRel[0.0089]  Temporal[0.0305]  Contingency[0.1705]  Expansion
Comparison[0.0845]  EntRel[0.2411]  Expansion[0.4052]  NoRel[0.0129]  Temporal[0.1192]  Contingency[0.1371]  Expansion
Comparison[0.0942]  EntRel[0.2886]  Expansion[0.2689]  NoRel[0.0019]  Temporal[0.0297]  Contingency[0.3167]  Contingency
Comparison[0.0653]  EntRel[0.2126]  Expansion[0.3527]  NoRel[0.0128]  Temporal[0.0117]  Contingency[0.3448]  Expansion
Comparison[0.1364]  EntRel[0.0853]  Expansion[0.3230]  NoRel[0.0025]  Temporal[0.0199]  Contingency[0.4330]  Contingency
Comparison[0.1862]  EntRel[0.3015]  Expansion[0.2878]  NoRel[0.0082]  Temporal[0.0425]  Contingency[0.1739]  EntRel
Comparison[0.1154]  EntRel[0.2585]  Expansion[0.3198]  NoRel[0.0403]  Temporal[0.1050]  Contingency[0.1610]  Expansion
Comparison[0.1118]  EntRel[0.2732]  Expansion[0.3231]  NoRel[0.0216]  Temporal[0.1127]  Contingency[0.1576]  Expansion
Comparison[0.1147]  EntRel[0.2690]  Expansion[0.3571]  NoRel[0.0235]  Temporal[0.1028]  Contingency[0.1329]  Expansion
Comparison[0.1253]  EntRel[0.2850]  Expansion[0.2622]  NoRel[0.0572]  Temporal[0.1304]  Contingency[0.1398]  EntRel
Comparison[0.1107]  EntRel[0.2887]  Expansion[0.3250]  NoRel[0.0223]  Temporal[0.1000]  Contingency[0.1532]  Expansion
Comparison[0.1300]  EntRel[0.2553]  Expansion[0.3273]  NoRel[0.0179]  Temporal[0.1067]  Contingency[0.1629]  Expansion
Comparison[0.0690]  EntRel[0.5734]  Expansion[0.2056]  NoRel[0.0109]  Temporal[0.0820]  Contingency[0.0592]  EntRel
Comparison[0.1372]  EntRel[0.3649]  Expansion[0.2540]  NoRel[0.0163]  Temporal[0.1524]  Contingency[0.0752]  EntRel
Comparison[0.1252]  EntRel[0.4375]  Expansion[0.2189]  NoRel[0.0216]  Temporal[0.0625]  Contingency[0.1342]  EntRel
Comparison[0.1140]  EntRel[0.2007]  Expansion[0.2537]  NoRel[0.0352]  Temporal[0.0860]  Contingency[0.3105]  Contingency
Comparison[0.1445]  EntRel[0.2881]  Expansion[0.3520]  NoRel[0.0280]  Temporal[0.0643]  Contingency[0.1232]  Expansion
Comparison[0.1000]  EntRel[0.4891]  Expansion[0.1009]  NoRel[0.1513]  Temporal[0.1124]  Contingency[0.0463]  EntRel
Comparison[0.1798]  EntRel[0.3639]  Expansion[0.2299]  NoRel[0.0212]  Temporal[0.1162]  Contingency[0.0889]  EntRel
Comparison[0.0882]  EntRel[0.2505]  Expansion[0.3439]  NoRel[0.0365]  Temporal[0.0780]  Contingency[0.2028]  Expansion
Comparison[0.0818]  EntRel[0.3449]  Expansion[0.3701]  NoRel[0.0201]  Temporal[0.0909]  Contingency[0.0922]  Expansion
Comparison[0.0747]  EntRel[0.3580]  Expansion[0.3195]  NoRel[0.0358]  Temporal[0.0798]  Contingency[0.1322]  EntRel
Comparison[0.0973]  EntRel[0.2162]  Expansion[0.4185]  NoRel[0.0345]  Temporal[0.0646]  Contingency[0.1689]  Expansion
Comparison[0.1101]  EntRel[0.2318]  Expansion[0.3452]  NoRel[0.0358]  Temporal[0.1145]  Contingency[0.1626]  Expansion
Comparison[0.1197]  EntRel[0.3455]  Expansion[0.2318]  NoRel[0.0914]  Temporal[0.1004]  Contingency[0.1113]  EntRel
Comparison[0.1499]  EntRel[0.3695]  Expansion[0.2694]  NoRel[0.0234]  Temporal[0.1295]  Contingency[0.0582]  EntRel
Comparison[0.0797]  EntRel[0.3024]  Expansion[0.4160]  NoRel[0.0206]  Temporal[0.0875]  Contingency[0.0939]  Expansion
Comparison[0.0756]  EntRel[0.3509]  Expansion[0.3223]  NoRel[0.0259]  Temporal[0.0833]  Contingency[0.1420]  EntRel
Comparison[0.1189]  EntRel[0.3916]  Expansion[0.1463]  NoRel[0.1724]  Temporal[0.1152]  Contingency[0.0556]  EntRel
Comparison[0.1575]  EntRel[0.3212]  Expansion[0.2889]  NoRel[0.0155]  Temporal[0.1332]  Contingency[0.0837]  EntRel
Comparison[0.1246]  EntRel[0.1973]  Expansion[0.4090]  NoRel[0.0228]  Temporal[0.0931]  Contingency[0.1532]  Expansion
Comparison[0.1315]  EntRel[0.2360]  Expansion[0.3370]  NoRel[0.0406]  Temporal[0.1040]  Contingency[0.1509]  Expansion
Comparison[0.1236]  EntRel[0.2818]  Expansion[0.3459]  NoRel[0.0339]  Temporal[0.1017]  Contingency[0.1130]  Expansion
Comparison[0.1278]  EntRel[0.2847]  Expansion[0.3758]  NoRel[0.0153]  Temporal[0.0881]  Contingency[0.1083]  Expansion
Comparison[0.1016]  EntRel[0.1894]  Expansion[0.5374]  NoRel[0.0063]  Temporal[0.0750]  Contingency[0.0903]  Expansion
Comparison[0.1751]  EntRel[0.3271]  Expansion[0.2854]  NoRel[0.0055]  Temporal[0.1153]  Contingency[0.0917]  EntRel
Comparison[0.1394]  EntRel[0.3404]  Expansion[0.1972]  NoRel[0.0370]  Temporal[0.1703]  Contingency[0.1157]  EntRel
Comparison[0.1321]  EntRel[0.4813]  Expansion[0.2281]  NoRel[0.0102]  Temporal[0.1148]  Contingency[0.0335]  EntRel
Comparison[0.0864]  EntRel[0.2611]  Expansion[0.3446]  NoRel[0.0169]  Temporal[0.2091]  Contingency[0.0819]  Expansion
Comparison[0.0727]  EntRel[0.3256]  Expansion[0.3929]  NoRel[0.0135]  Temporal[0.1094]  Contingency[0.0860]  Expansion
Comparison[0.1277]  EntRel[0.3183]  Expansion[0.2548]  NoRel[0.0814]  Temporal[0.0774]  Contingency[0.1405]  EntRel
Comparison[0.1403]  EntRel[0.3364]  Expansion[0.2733]  NoRel[0.0159]  Temporal[0.1500]  Contingency[0.0841]  EntRel
Comparison[0.0891]  EntRel[0.2604]  Expansion[0.2999]  NoRel[0.0267]  Temporal[0.0849]  Contingency[0.2389]  Expansion
Comparison[0.1116]  EntRel[0.2016]  Expansion[0.4217]  NoRel[0.0212]  Temporal[0.0941]  Contingency[0.1498]  Expansion
Comparison[0.1512]  EntRel[0.2153]  Expansion[0.3328]  NoRel[0.0157]  Temporal[0.1211]  Contingency[0.1639]  Expansion
Comparison[0.1361]  EntRel[0.2339]  Expansion[0.3107]  NoRel[0.0436]  Temporal[0.0982]  Contingency[0.1775]  Expansion
Comparison[0.0763]  EntRel[0.2327]  Expansion[0.3891]  NoRel[0.0589]  Temporal[0.1006]  Contingency[0.1425]  Expansion
