Comparison[0.1091]  EntRel[0.0908]  Expansion[0.5481]  NoRel[0.0004]  Temporal[0.0349]  Contingency[0.2168]  Expansion
Comparison[0.0704]  EntRel[0.1821]  Expansion[0.5074]  NoRel[0.0002]  Temporal[0.0561]  Contingency[0.1837]  Expansion
Comparison[0.0756]  EntRel[0.2956]  Expansion[0.4634]  NoRel[0.0109]  Temporal[0.0360]  Contingency[0.1184]  Expansion
Comparison[0.1627]  EntRel[0.3740]  Expansion[0.2736]  NoRel[0.0255]  Temporal[0.0739]  Contingency[0.0903]  EntRel
Comparison[0.0731]  EntRel[0.3836]  Expansion[0.3415]  NoRel[0.0164]  Temporal[0.0642]  Contingency[0.1213]  EntRel
Comparison[0.0871]  EntRel[0.4280]  Expansion[0.3294]  NoRel[0.0070]  Temporal[0.0204]  Contingency[0.1280]  EntRel
Comparison[0.0551]  EntRel[0.3836]  Expansion[0.4410]  NoRel[0.0110]  Temporal[0.0162]  Contingency[0.0931]  Expansion
Comparison[0.0746]  EntRel[0.5093]  Expansion[0.2939]  NoRel[0.0194]  Temporal[0.0232]  Contingency[0.0797]  EntRel
Comparison[0.1091]  EntRel[0.2541]  Expansion[0.2700]  NoRel[0.0270]  Temporal[0.1844]  Contingency[0.1554]  Expansion
Comparison[0.1325]  EntRel[0.2600]  Expansion[0.3066]  NoRel[0.0448]  Temporal[0.0749]  Contingency[0.1812]  Expansion
Comparison[0.1641]  EntRel[0.2802]  Expansion[0.3710]  NoRel[0.0243]  Temporal[0.0189]  Contingency[0.1415]  Expansion
Comparison[0.0790]  EntRel[0.2056]  Expansion[0.4489]  NoRel[0.0024]  Temporal[0.0399]  Contingency[0.2242]  Expansion
Comparison[0.0946]  EntRel[0.3321]  Expansion[0.3763]  NoRel[0.0024]  Temporal[0.0214]  Contingency[0.1732]  Expansion
Comparison[0.1007]  EntRel[0.3775]  Expansion[0.3180]  NoRel[0.0067]  Temporal[0.0217]  Contingency[0.1754]  EntRel
Comparison[0.0657]  EntRel[0.1347]  Expansion[0.5471]  NoRel[0.0045]  Temporal[0.0236]  Contingency[0.2245]  Expansion
Comparison[0.0730]  EntRel[0.1784]  Expansion[0.4178]  NoRel[0.0152]  Temporal[0.0220]  Contingency[0.2937]  Expansion
Comparison[0.1028]  EntRel[0.3432]  Expansion[0.2984]  NoRel[0.0503]  Temporal[0.0328]  Contingency[0.1724]  EntRel
Comparison[0.0919]  EntRel[0.2977]  Expansion[0.3820]  NoRel[0.0110]  Temporal[0.0383]  Contingency[0.1791]  Expansion
Comparison[0.0764]  EntRel[0.3082]  Expansion[0.4127]  NoRel[0.0110]  Temporal[0.0366]  Contingency[0.1551]  Expansion
Comparison[0.0575]  EntRel[0.3070]  Expansion[0.4504]  NoRel[0.0026]  Temporal[0.0345]  Contingency[0.1481]  Expansion
Comparison[0.0968]  EntRel[0.4760]  Expansion[0.2430]  NoRel[0.0071]  Temporal[0.1047]  Contingency[0.0724]  EntRel
Comparison[0.0876]  EntRel[0.4224]  Expansion[0.2520]  NoRel[0.0263]  Temporal[0.0547]  Contingency[0.1569]  EntRel
Comparison[0.0729]  EntRel[0.2797]  Expansion[0.4190]  NoRel[0.0229]  Temporal[0.1001]  Contingency[0.1054]  Expansion
Comparison[0.0731]  EntRel[0.4232]  Expansion[0.2681]  NoRel[0.0114]  Temporal[0.0403]  Contingency[0.1840]  EntRel
Comparison[0.1172]  EntRel[0.4060]  Expansion[0.2829]  NoRel[0.0155]  Temporal[0.0912]  Contingency[0.0873]  EntRel
Comparison[0.1118]  EntRel[0.3500]  Expansion[0.2837]  NoRel[0.0387]  Temporal[0.1066]  Contingency[0.1093]  EntRel
Comparison[0.0878]  EntRel[0.3940]  Expansion[0.2470]  NoRel[0.0501]  Temporal[0.1030]  Contingency[0.1181]  EntRel
Comparison[0.0995]  EntRel[0.3029]  Expansion[0.3453]  NoRel[0.0123]  Temporal[0.1539]  Contingency[0.0861]  Expansion
Comparison[0.0997]  EntRel[0.2891]  Expansion[0.3083]  NoRel[0.0208]  Temporal[0.1701]  Contingency[0.1120]  Expansion
Comparison[0.1037]  EntRel[0.2526]  Expansion[0.2752]  NoRel[0.0158]  Temporal[0.1410]  Contingency[0.2116]  Expansion
Comparison[0.1681]  EntRel[0.1621]  Expansion[0.4195]  NoRel[0.0170]  Temporal[0.1753]  Contingency[0.0579]  Expansion
Comparison[0.0997]  EntRel[0.1621]  Expansion[0.4649]  NoRel[0.0064]  Temporal[0.1252]  Contingency[0.1418]  Expansion
Comparison[0.1772]  EntRel[0.3115]  Expansion[0.3866]  NoRel[0.0041]  Temporal[0.0863]  Contingency[0.0344]  Expansion
Comparison[0.0838]  EntRel[0.2416]  Expansion[0.4031]  NoRel[0.0062]  Temporal[0.1128]  Contingency[0.1525]  Expansion
Comparison[0.0934]  EntRel[0.2438]  Expansion[0.4083]  NoRel[0.0148]  Temporal[0.1032]  Contingency[0.1365]  Expansion
Comparison[0.0495]  EntRel[0.3627]  Expansion[0.3849]  NoRel[0.0253]  Temporal[0.0978]  Contingency[0.0797]  Expansion
Comparison[0.0916]  EntRel[0.3781]  Expansion[0.2431]  NoRel[0.0541]  Temporal[0.0829]  Contingency[0.1502]  EntRel
Comparison[0.0651]  EntRel[0.2894]  Expansion[0.3723]  NoRel[0.0315]  Temporal[0.1355]  Contingency[0.1062]  Expansion
Comparison[0.0606]  EntRel[0.3721]  Expansion[0.3156]  NoRel[0.0409]  Temporal[0.1211]  Contingency[0.0898]  EntRel
Comparison[0.0839]  EntRel[0.2827]  Expansion[0.3972]  NoRel[0.0078]  Temporal[0.1550]  Contingency[0.0734]  Expansion
Comparison[0.0718]  EntRel[0.3662]  Expansion[0.3269]  NoRel[0.0114]  Temporal[0.1641]  Contingency[0.0597]  EntRel
Comparison[0.0498]  EntRel[0.3214]  Expansion[0.4501]  NoRel[0.0118]  Temporal[0.0908]  Contingency[0.0760]  Expansion
Comparison[0.0732]  EntRel[0.2714]  Expansion[0.3923]  NoRel[0.0082]  Temporal[0.0990]  Contingency[0.1558]  Expansion
Comparison[0.0804]  EntRel[0.3503]  Expansion[0.3630]  NoRel[0.0164]  Temporal[0.0814]  Contingency[0.1084]  Expansion
Comparison[0.2340]  EntRel[0.1357]  Expansion[0.4367]  NoRel[0.0016]  Temporal[0.1292]  Contingency[0.0628]  Expansion
Comparison[0.1261]  EntRel[0.1535]  Expansion[0.4485]  NoRel[0.0060]  Temporal[0.2361]  Contingency[0.0298]  Expansion
Comparison[0.1010]  EntRel[0.2767]  Expansion[0.4096]  NoRel[0.0069]  Temporal[0.1013]  Contingency[0.1044]  Expansion
Comparison[0.0616]  EntRel[0.2464]  Expansion[0.5332]  NoRel[0.0037]  Temporal[0.1090]  Contingency[0.0461]  Expansion
Comparison[0.2137]  EntRel[0.1543]  Expansion[0.4933]  NoRel[0.0007]  Temporal[0.1337]  Contingency[0.0044]  Expansion
Comparison[0.2247]  EntRel[0.2998]  Expansion[0.2970]  NoRel[0.0041]  Temporal[0.1210]  Contingency[0.0533]  EntRel
Comparison[0.1129]  EntRel[0.3951]  Expansion[0.2534]  NoRel[0.0235]  Temporal[0.0511]  Contingency[0.1639]  EntRel
Comparison[0.1296]  EntRel[0.2493]  Expansion[0.4031]  NoRel[0.0072]  Temporal[0.0572]  Contingency[0.1536]  Expansion
Comparison[0.0793]  EntRel[0.2588]  Expansion[0.4531]  NoRel[0.0019]  Temporal[0.0506]  Contingency[0.1563]  Expansion
Comparison[0.1281]  EntRel[0.3091]  Expansion[0.3986]  NoRel[0.0039]  Temporal[0.0889]  Contingency[0.0715]  Expansion
Comparison[0.0649]  EntRel[0.2552]  Expansion[0.6069]  NoRel[0.0037]  Temporal[0.0299]  Contingency[0.0394]  Expansion
Comparison[0.0801]  EntRel[0.2176]  Expansion[0.4791]  NoRel[0.0103]  Temporal[0.0671]  Contingency[0.1458]  Expansion
Comparison[0.1019]  EntRel[0.2998]  Expansion[0.3641]  NoRel[0.0433]  Temporal[0.0769]  Contingency[0.1141]  Expansion
Comparison[0.1013]  EntRel[0.1222]  Expansion[0.4460]  NoRel[0.0189]  Temporal[0.1113]  Contingency[0.2003]  Expansion
Comparison[0.1076]  EntRel[0.2110]  Expansion[0.3786]  NoRel[0.0022]  Temporal[0.1128]  Contingency[0.1879]  Expansion
Comparison[0.0704]  EntRel[0.2367]  Expansion[0.4462]  NoRel[0.0099]  Temporal[0.0237]  Contingency[0.2131]  Expansion
Comparison[0.0782]  EntRel[0.3357]  Expansion[0.4580]  NoRel[0.0192]  Temporal[0.0239]  Contingency[0.0850]  Expansion
Comparison[0.1021]  EntRel[0.4477]  Expansion[0.2779]  NoRel[0.0049]  Temporal[0.0992]  Contingency[0.0682]  EntRel
Comparison[0.0887]  EntRel[0.3437]  Expansion[0.3524]  NoRel[0.0163]  Temporal[0.0989]  Contingency[0.1000]  Expansion
Comparison[0.1168]  EntRel[0.2494]  Expansion[0.3157]  NoRel[0.0146]  Temporal[0.1808]  Contingency[0.1227]  Expansion
Comparison[0.0625]  EntRel[0.4552]  Expansion[0.2412]  NoRel[0.0456]  Temporal[0.0962]  Contingency[0.0993]  EntRel
Comparison[0.0704]  EntRel[0.1502]  Expansion[0.5554]  NoRel[0.0034]  Temporal[0.0038]  Contingency[0.2167]  Expansion
Comparison[0.0740]  EntRel[0.3395]  Expansion[0.4472]  NoRel[0.0050]  Temporal[0.0134]  Contingency[0.1209]  Expansion
Comparison[0.1096]  EntRel[0.2174]  Expansion[0.4537]  NoRel[0.0096]  Temporal[0.0433]  Contingency[0.1664]  Expansion
Comparison[0.0708]  EntRel[0.4060]  Expansion[0.2737]  NoRel[0.0049]  Temporal[0.0098]  Contingency[0.2349]  EntRel
Comparison[0.1161]  EntRel[0.2206]  Expansion[0.3752]  NoRel[0.0029]  Temporal[0.1190]  Contingency[0.1662]  Expansion
Comparison[0.1000]  EntRel[0.1916]  Expansion[0.4342]  NoRel[0.0134]  Temporal[0.0553]  Contingency[0.2055]  Expansion
Comparison[0.0898]  EntRel[0.2758]  Expansion[0.3745]  NoRel[0.0167]  Temporal[0.0697]  Contingency[0.1735]  Expansion
Comparison[0.0599]  EntRel[0.2340]  Expansion[0.5385]  NoRel[0.0160]  Temporal[0.0131]  Contingency[0.1385]  Expansion
Comparison[0.0745]  EntRel[0.2106]  Expansion[0.4765]  NoRel[0.0073]  Temporal[0.0868]  Contingency[0.1444]  Expansion
Comparison[0.0834]  EntRel[0.2573]  Expansion[0.3773]  NoRel[0.0050]  Temporal[0.1513]  Contingency[0.1257]  Expansion
Comparison[0.1096]  EntRel[0.2993]  Expansion[0.3702]  NoRel[0.0100]  Temporal[0.0994]  Contingency[0.1115]  Expansion
Comparison[0.0980]  EntRel[0.2536]  Expansion[0.3657]  NoRel[0.0332]  Temporal[0.0759]  Contingency[0.1736]  Expansion
Comparison[0.1132]  EntRel[0.2868]  Expansion[0.2895]  NoRel[0.0376]  Temporal[0.0829]  Contingency[0.1900]  Expansion
Comparison[0.1977]  EntRel[0.3098]  Expansion[0.3205]  NoRel[0.0203]  Temporal[0.0857]  Contingency[0.0661]  Expansion
Comparison[0.0952]  EntRel[0.2317]  Expansion[0.4861]  NoRel[0.0067]  Temporal[0.0487]  Contingency[0.1317]  Expansion
Comparison[0.0745]  EntRel[0.3529]  Expansion[0.3101]  NoRel[0.0178]  Temporal[0.1053]  Contingency[0.1395]  EntRel
Comparison[0.0629]  EntRel[0.1304]  Expansion[0.3664]  NoRel[0.0051]  Temporal[0.0282]  Contingency[0.4069]  Contingency
Comparison[0.1097]  EntRel[0.2796]  Expansion[0.3374]  NoRel[0.0096]  Temporal[0.0156]  Contingency[0.2480]  Expansion
Comparison[0.0782]  EntRel[0.2154]  Expansion[0.4815]  NoRel[0.0141]  Temporal[0.0329]  Contingency[0.1779]  Expansion
Comparison[0.1129]  EntRel[0.2442]  Expansion[0.3618]  NoRel[0.0309]  Temporal[0.0590]  Contingency[0.1913]  Expansion
Comparison[0.1064]  EntRel[0.2373]  Expansion[0.3804]  NoRel[0.0165]  Temporal[0.0228]  Contingency[0.2366]  Expansion
Comparison[0.1661]  EntRel[0.2224]  Expansion[0.4036]  NoRel[0.0041]  Temporal[0.0511]  Contingency[0.1526]  Expansion
Comparison[0.1367]  EntRel[0.2748]  Expansion[0.3260]  NoRel[0.0114]  Temporal[0.0567]  Contingency[0.1944]  Expansion
Comparison[0.0602]  EntRel[0.3090]  Expansion[0.3895]  NoRel[0.0158]  Temporal[0.0799]  Contingency[0.1457]  Expansion
Comparison[0.0800]  EntRel[0.2808]  Expansion[0.3764]  NoRel[0.0252]  Temporal[0.0481]  Contingency[0.1897]  Expansion
Comparison[0.1340]  EntRel[0.3741]  Expansion[0.3173]  NoRel[0.0117]  Temporal[0.0359]  Contingency[0.1268]  EntRel
Comparison[0.1134]  EntRel[0.2376]  Expansion[0.3533]  NoRel[0.0193]  Temporal[0.0137]  Contingency[0.2627]  Expansion
Comparison[0.1428]  EntRel[0.0592]  Expansion[0.4005]  NoRel[0.0006]  Temporal[0.0057]  Contingency[0.3912]  Expansion
Comparison[0.1145]  EntRel[0.1818]  Expansion[0.4602]  NoRel[0.0160]  Temporal[0.0676]  Contingency[0.1600]  Expansion
Comparison[0.0880]  EntRel[0.3224]  Expansion[0.3553]  NoRel[0.0193]  Temporal[0.0458]  Contingency[0.1692]  Expansion
Comparison[0.0515]  EntRel[0.3626]  Expansion[0.3800]  NoRel[0.0139]  Temporal[0.0369]  Contingency[0.1552]  Expansion
Comparison[0.1837]  EntRel[0.2836]  Expansion[0.3201]  NoRel[0.0057]  Temporal[0.0487]  Contingency[0.1583]  Expansion
Comparison[0.0886]  EntRel[0.3425]  Expansion[0.3592]  NoRel[0.0056]  Temporal[0.0419]  Contingency[0.1622]  Expansion
Comparison[0.0921]  EntRel[0.1254]  Expansion[0.5600]  NoRel[0.0011]  Temporal[0.0054]  Contingency[0.2161]  Expansion
Comparison[0.0942]  EntRel[0.1479]  Expansion[0.4743]  NoRel[0.0043]  Temporal[0.0547]  Contingency[0.2246]  Expansion
Comparison[0.0739]  EntRel[0.3044]  Expansion[0.4016]  NoRel[0.0189]  Temporal[0.0376]  Contingency[0.1636]  Expansion
Comparison[0.0761]  EntRel[0.4974]  Expansion[0.2694]  NoRel[0.0315]  Temporal[0.0298]  Contingency[0.0958]  EntRel
Comparison[0.0790]  EntRel[0.3469]  Expansion[0.4558]  NoRel[0.0194]  Temporal[0.0113]  Contingency[0.0876]  Expansion
Comparison[0.0940]  EntRel[0.3794]  Expansion[0.4233]  NoRel[0.0071]  Temporal[0.0410]  Contingency[0.0553]  Expansion
Comparison[0.1328]  EntRel[0.4404]  Expansion[0.2815]  NoRel[0.0057]  Temporal[0.0363]  Contingency[0.1032]  EntRel
Comparison[0.0919]  EntRel[0.2317]  Expansion[0.3854]  NoRel[0.0140]  Temporal[0.0277]  Contingency[0.2494]  Expansion
Comparison[0.1004]  EntRel[0.0908]  Expansion[0.5147]  NoRel[0.0012]  Temporal[0.0131]  Contingency[0.2797]  Expansion
Comparison[0.1221]  EntRel[0.2435]  Expansion[0.3893]  NoRel[0.0051]  Temporal[0.0660]  Contingency[0.1740]  Expansion
Comparison[0.1056]  EntRel[0.2936]  Expansion[0.4043]  NoRel[0.0157]  Temporal[0.0245]  Contingency[0.1564]  Expansion
Comparison[0.1723]  EntRel[0.2583]  Expansion[0.3806]  NoRel[0.0182]  Temporal[0.0057]  Contingency[0.1649]  Expansion
Comparison[0.1098]  EntRel[0.2594]  Expansion[0.3930]  NoRel[0.0313]  Temporal[0.0159]  Contingency[0.1905]  Expansion
Comparison[0.0615]  EntRel[0.2566]  Expansion[0.4480]  NoRel[0.0086]  Temporal[0.0089]  Contingency[0.2164]  Expansion
Comparison[0.0571]  EntRel[0.0933]  Expansion[0.5304]  NoRel[0.0024]  Temporal[0.0122]  Contingency[0.3046]  Expansion
Comparison[0.0778]  EntRel[0.1236]  Expansion[0.5193]  NoRel[0.0005]  Temporal[0.0050]  Contingency[0.2737]  Expansion
Comparison[0.0976]  EntRel[0.2245]  Expansion[0.4489]  NoRel[0.0049]  Temporal[0.0180]  Contingency[0.2060]  Expansion
Comparison[0.2073]  EntRel[0.2139]  Expansion[0.3480]  NoRel[0.0071]  Temporal[0.0570]  Contingency[0.1666]  Expansion
Comparison[0.1288]  EntRel[0.3685]  Expansion[0.2962]  NoRel[0.0089]  Temporal[0.0336]  Contingency[0.1640]  EntRel
Comparison[0.0975]  EntRel[0.3281]  Expansion[0.3528]  NoRel[0.0202]  Temporal[0.0233]  Contingency[0.1782]  Expansion
Comparison[0.0645]  EntRel[0.3243]  Expansion[0.3618]  NoRel[0.0085]  Temporal[0.0214]  Contingency[0.2195]  Expansion
Comparison[0.1060]  EntRel[0.2817]  Expansion[0.3480]  NoRel[0.0192]  Temporal[0.1030]  Contingency[0.1421]  Expansion
Comparison[0.1048]  EntRel[0.3147]  Expansion[0.2966]  NoRel[0.0398]  Temporal[0.1252]  Contingency[0.1189]  EntRel
Comparison[0.1079]  EntRel[0.2961]  Expansion[0.3851]  NoRel[0.0261]  Temporal[0.0705]  Contingency[0.1142]  Expansion
Comparison[0.1141]  EntRel[0.3099]  Expansion[0.3586]  NoRel[0.0123]  Temporal[0.1195]  Contingency[0.0856]  Expansion
Comparison[0.0923]  EntRel[0.2637]  Expansion[0.4591]  NoRel[0.0196]  Temporal[0.0776]  Contingency[0.0879]  Expansion
Comparison[0.1333]  EntRel[0.2385]  Expansion[0.3363]  NoRel[0.0431]  Temporal[0.0977]  Contingency[0.1511]  Expansion
Comparison[0.0821]  EntRel[0.3713]  Expansion[0.3542]  NoRel[0.0155]  Temporal[0.0576]  Contingency[0.1193]  EntRel
Comparison[0.1396]  EntRel[0.3100]  Expansion[0.3344]  NoRel[0.0219]  Temporal[0.1155]  Contingency[0.0785]  Expansion
Comparison[0.1102]  EntRel[0.2767]  Expansion[0.3587]  NoRel[0.0324]  Temporal[0.0948]  Contingency[0.1272]  Expansion
Comparison[0.1021]  EntRel[0.3164]  Expansion[0.2737]  NoRel[0.0244]  Temporal[0.1020]  Contingency[0.1813]  EntRel
Comparison[0.0464]  EntRel[0.3294]  Expansion[0.4253]  NoRel[0.0166]  Temporal[0.0211]  Contingency[0.1612]  Expansion
Comparison[0.1042]  EntRel[0.2395]  Expansion[0.3816]  NoRel[0.0384]  Temporal[0.0621]  Contingency[0.1742]  Expansion
Comparison[0.1456]  EntRel[0.1722]  Expansion[0.2857]  NoRel[0.1075]  Temporal[0.0954]  Contingency[0.1936]  Expansion
Comparison[0.1026]  EntRel[0.3992]  Expansion[0.2987]  NoRel[0.0210]  Temporal[0.0172]  Contingency[0.1613]  EntRel
Comparison[0.1190]  EntRel[0.2848]  Expansion[0.2671]  NoRel[0.0897]  Temporal[0.1037]  Contingency[0.1357]  EntRel
Comparison[0.1122]  EntRel[0.5296]  Expansion[0.1475]  NoRel[0.0189]  Temporal[0.1387]  Contingency[0.0531]  EntRel
Comparison[0.0956]  EntRel[0.3198]  Expansion[0.3545]  NoRel[0.0106]  Temporal[0.1013]  Contingency[0.1182]  Expansion
Comparison[0.0899]  EntRel[0.3077]  Expansion[0.3001]  NoRel[0.0304]  Temporal[0.1016]  Contingency[0.1703]  EntRel
Comparison[0.0908]  EntRel[0.2439]  Expansion[0.4804]  NoRel[0.0106]  Temporal[0.0482]  Contingency[0.1260]  Expansion
Comparison[0.0869]  EntRel[0.3808]  Expansion[0.3172]  NoRel[0.0076]  Temporal[0.0255]  Contingency[0.1821]  EntRel
Comparison[0.1070]  EntRel[0.2908]  Expansion[0.2726]  NoRel[0.0929]  Temporal[0.1086]  Contingency[0.1281]  EntRel
Comparison[0.1668]  EntRel[0.3179]  Expansion[0.2512]  NoRel[0.0327]  Temporal[0.1705]  Contingency[0.0609]  EntRel
Comparison[0.0965]  EntRel[0.1263]  Expansion[0.3936]  NoRel[0.0088]  Temporal[0.2407]  Contingency[0.1340]  Expansion
Comparison[0.1138]  EntRel[0.2926]  Expansion[0.2641]  NoRel[0.0211]  Temporal[0.1314]  Contingency[0.1769]  EntRel
Comparison[0.0939]  EntRel[0.1957]  Expansion[0.3968]  NoRel[0.0502]  Temporal[0.1093]  Contingency[0.1541]  Expansion
Comparison[0.2382]  EntRel[0.2224]  Expansion[0.2880]  NoRel[0.0375]  Temporal[0.1025]  Contingency[0.1113]  Expansion
Comparison[0.1401]  EntRel[0.2285]  Expansion[0.2635]  NoRel[0.0514]  Temporal[0.1308]  Contingency[0.1856]  Expansion
Comparison[0.1078]  EntRel[0.2237]  Expansion[0.3409]  NoRel[0.0550]  Temporal[0.0894]  Contingency[0.1831]  Expansion
Comparison[0.0963]  EntRel[0.3323]  Expansion[0.3624]  NoRel[0.0081]  Temporal[0.0091]  Contingency[0.1918]  Expansion
Comparison[0.0967]  EntRel[0.3227]  Expansion[0.2819]  NoRel[0.0474]  Temporal[0.1253]  Contingency[0.1260]  EntRel
Comparison[0.1796]  EntRel[0.2926]  Expansion[0.2913]  NoRel[0.0081]  Temporal[0.1855]  Contingency[0.0429]  EntRel
Comparison[0.1154]  EntRel[0.3118]  Expansion[0.3862]  NoRel[0.0112]  Temporal[0.0774]  Contingency[0.0981]  Expansion
Comparison[0.1191]  EntRel[0.2186]  Expansion[0.4096]  NoRel[0.0257]  Temporal[0.0844]  Contingency[0.1425]  Expansion
Comparison[0.1210]  EntRel[0.2482]  Expansion[0.3806]  NoRel[0.0273]  Temporal[0.1050]  Contingency[0.1179]  Expansion
Comparison[0.1014]  EntRel[0.3308]  Expansion[0.3550]  NoRel[0.0219]  Temporal[0.0879]  Contingency[0.1030]  Expansion
Comparison[0.1296]  EntRel[0.2239]  Expansion[0.3610]  NoRel[0.0535]  Temporal[0.1238]  Contingency[0.1082]  Expansion
Comparison[0.0950]  EntRel[0.4187]  Expansion[0.3076]  NoRel[0.0162]  Temporal[0.0176]  Contingency[0.1449]  EntRel
Comparison[0.0730]  EntRel[0.2805]  Expansion[0.3926]  NoRel[0.0328]  Temporal[0.0612]  Contingency[0.1599]  Expansion
Comparison[0.1396]  EntRel[0.3163]  Expansion[0.1364]  NoRel[0.0911]  Temporal[0.2010]  Contingency[0.1157]  EntRel
Comparison[0.1234]  EntRel[0.3613]  Expansion[0.2765]  NoRel[0.0286]  Temporal[0.1447]  Contingency[0.0654]  EntRel
Comparison[0.1022]  EntRel[0.2417]  Expansion[0.3897]  NoRel[0.0168]  Temporal[0.1048]  Contingency[0.1447]  Expansion
Comparison[0.1146]  EntRel[0.4012]  Expansion[0.2719]  NoRel[0.0200]  Temporal[0.0363]  Contingency[0.1560]  EntRel
Comparison[0.0680]  EntRel[0.3434]  Expansion[0.3185]  NoRel[0.0749]  Temporal[0.0751]  Contingency[0.1200]  EntRel
Comparison[0.1076]  EntRel[0.1964]  Expansion[0.3885]  NoRel[0.0558]  Temporal[0.0918]  Contingency[0.1599]  Expansion
Comparison[0.1438]  EntRel[0.1932]  Expansion[0.4110]  NoRel[0.0367]  Temporal[0.0951]  Contingency[0.1203]  Expansion
