Comparison[0.1186]  EntRel[0.2193]  Expansion[0.3366]  NoRel[0.0280]  Temporal[0.1104]  Contingency[0.1871]  Expansion
Comparison[0.0842]  EntRel[0.2373]  Expansion[0.4028]  NoRel[0.0157]  Temporal[0.0688]  Contingency[0.1912]  Expansion
Comparison[0.0674]  EntRel[0.3187]  Expansion[0.4021]  NoRel[0.0239]  Temporal[0.0840]  Contingency[0.1040]  Expansion
Comparison[0.0791]  EntRel[0.2968]  Expansion[0.4517]  NoRel[0.0252]  Temporal[0.0678]  Contingency[0.0794]  Expansion
Comparison[0.1024]  EntRel[0.1346]  Expansion[0.4388]  NoRel[0.0234]  Temporal[0.0476]  Contingency[0.2532]  Expansion
Comparison[0.0672]  EntRel[0.2120]  Expansion[0.4882]  NoRel[0.0061]  Temporal[0.0329]  Contingency[0.1936]  Expansion
Comparison[0.0419]  EntRel[0.2997]  Expansion[0.3557]  NoRel[0.0034]  Temporal[0.0301]  Contingency[0.2692]  Expansion
Comparison[0.1344]  EntRel[0.2936]  Expansion[0.3614]  NoRel[0.0247]  Temporal[0.0916]  Contingency[0.0943]  Expansion
Comparison[0.2466]  EntRel[0.2138]  Expansion[0.2814]  NoRel[0.0199]  Temporal[0.0441]  Contingency[0.1942]  Expansion
Comparison[0.1058]  EntRel[0.1616]  Expansion[0.5117]  NoRel[0.0139]  Temporal[0.0346]  Contingency[0.1724]  Expansion
Comparison[0.0633]  EntRel[0.0720]  Expansion[0.6259]  NoRel[0.0005]  Temporal[0.0210]  Contingency[0.2172]  Expansion
Comparison[0.0822]  EntRel[0.1362]  Expansion[0.4912]  NoRel[0.0005]  Temporal[0.0111]  Contingency[0.2788]  Expansion
Comparison[0.0879]  EntRel[0.2859]  Expansion[0.3923]  NoRel[0.0048]  Temporal[0.0202]  Contingency[0.2088]  Expansion
Comparison[0.0970]  EntRel[0.1014]  Expansion[0.6064]  NoRel[0.0025]  Temporal[0.0053]  Contingency[0.1874]  Expansion
Comparison[0.0828]  EntRel[0.3666]  Expansion[0.3537]  NoRel[0.0104]  Temporal[0.0430]  Contingency[0.1435]  EntRel
Comparison[0.0864]  EntRel[0.1876]  Expansion[0.4030]  NoRel[0.0072]  Temporal[0.0103]  Contingency[0.3055]  Expansion
Comparison[0.0763]  EntRel[0.1490]  Expansion[0.3733]  NoRel[0.0014]  Temporal[0.0050]  Contingency[0.3950]  Contingency
Comparison[0.0996]  EntRel[0.2946]  Expansion[0.3800]  NoRel[0.0143]  Temporal[0.0570]  Contingency[0.1545]  Expansion
Comparison[0.1169]  EntRel[0.1955]  Expansion[0.4662]  NoRel[0.0063]  Temporal[0.0659]  Contingency[0.1492]  Expansion
Comparison[0.1275]  EntRel[0.2202]  Expansion[0.5096]  NoRel[0.0047]  Temporal[0.0695]  Contingency[0.0684]  Expansion
Comparison[0.1297]  EntRel[0.2446]  Expansion[0.3761]  NoRel[0.0049]  Temporal[0.0947]  Contingency[0.1500]  Expansion
Comparison[0.1681]  EntRel[0.2123]  Expansion[0.3713]  NoRel[0.0067]  Temporal[0.1322]  Contingency[0.1094]  Expansion
Comparison[0.2282]  EntRel[0.1679]  Expansion[0.4122]  NoRel[0.0097]  Temporal[0.0607]  Contingency[0.1213]  Expansion
Comparison[0.0718]  EntRel[0.2919]  Expansion[0.4009]  NoRel[0.0163]  Temporal[0.1314]  Contingency[0.0876]  Expansion
Comparison[0.0777]  EntRel[0.4330]  Expansion[0.2197]  NoRel[0.0177]  Temporal[0.1754]  Contingency[0.0765]  EntRel
Comparison[0.0606]  EntRel[0.3732]  Expansion[0.3686]  NoRel[0.0103]  Temporal[0.0620]  Contingency[0.1253]  EntRel
Comparison[0.0633]  EntRel[0.3917]  Expansion[0.3506]  NoRel[0.0161]  Temporal[0.0562]  Contingency[0.1221]  EntRel
Comparison[0.0558]  EntRel[0.3561]  Expansion[0.3898]  NoRel[0.0084]  Temporal[0.0827]  Contingency[0.1072]  Expansion
Comparison[0.0881]  EntRel[0.2794]  Expansion[0.4511]  NoRel[0.0021]  Temporal[0.0715]  Contingency[0.1077]  Expansion
Comparison[0.0675]  EntRel[0.2300]  Expansion[0.4026]  NoRel[0.0113]  Temporal[0.1228]  Contingency[0.1658]  Expansion
Comparison[0.1025]  EntRel[0.2232]  Expansion[0.3933]  NoRel[0.0202]  Temporal[0.1544]  Contingency[0.1065]  Expansion
Comparison[0.1526]  EntRel[0.3414]  Expansion[0.2928]  NoRel[0.0298]  Temporal[0.0288]  Contingency[0.1546]  EntRel
Comparison[0.1448]  EntRel[0.2917]  Expansion[0.2895]  NoRel[0.0690]  Temporal[0.0662]  Contingency[0.1388]  EntRel
Comparison[0.0958]  EntRel[0.2907]  Expansion[0.3686]  NoRel[0.0584]  Temporal[0.1400]  Contingency[0.0465]  Expansion
Comparison[0.0987]  EntRel[0.1988]  Expansion[0.3871]  NoRel[0.0173]  Temporal[0.1602]  Contingency[0.1378]  Expansion
Comparison[0.1112]  EntRel[0.1849]  Expansion[0.2836]  NoRel[0.0198]  Temporal[0.2773]  Contingency[0.1231]  Expansion
Comparison[0.0943]  EntRel[0.1716]  Expansion[0.3323]  NoRel[0.0162]  Temporal[0.2336]  Contingency[0.1520]  Expansion
Comparison[0.1189]  EntRel[0.2472]  Expansion[0.2763]  NoRel[0.0163]  Temporal[0.1587]  Contingency[0.1826]  Expansion
Comparison[0.0978]  EntRel[0.3692]  Expansion[0.3677]  NoRel[0.0292]  Temporal[0.0641]  Contingency[0.0719]  EntRel
Comparison[0.1857]  EntRel[0.2252]  Expansion[0.4944]  NoRel[0.0067]  Temporal[0.0658]  Contingency[0.0222]  Expansion
Comparison[0.0723]  EntRel[0.2877]  Expansion[0.3814]  NoRel[0.0413]  Temporal[0.1266]  Contingency[0.0906]  Expansion
Comparison[0.1736]  EntRel[0.2691]  Expansion[0.3379]  NoRel[0.0098]  Temporal[0.1224]  Contingency[0.0872]  Expansion
Comparison[0.0999]  EntRel[0.2101]  Expansion[0.2918]  NoRel[0.0196]  Temporal[0.2306]  Contingency[0.1480]  Expansion
Comparison[0.0970]  EntRel[0.1851]  Expansion[0.4935]  NoRel[0.0102]  Temporal[0.0878]  Contingency[0.1264]  Expansion
Comparison[0.0821]  EntRel[0.2619]  Expansion[0.4831]  NoRel[0.0110]  Temporal[0.0734]  Contingency[0.0885]  Expansion
Comparison[0.0824]  EntRel[0.2323]  Expansion[0.4887]  NoRel[0.0169]  Temporal[0.0748]  Contingency[0.1048]  Expansion
Comparison[0.0576]  EntRel[0.2156]  Expansion[0.3987]  NoRel[0.0092]  Temporal[0.1651]  Contingency[0.1538]  Expansion
Comparison[0.0783]  EntRel[0.3309]  Expansion[0.3588]  NoRel[0.0014]  Temporal[0.1153]  Contingency[0.1153]  Expansion
Comparison[0.0862]  EntRel[0.3229]  Expansion[0.3633]  NoRel[0.0226]  Temporal[0.0248]  Contingency[0.1803]  Expansion
Comparison[0.0823]  EntRel[0.3146]  Expansion[0.4312]  NoRel[0.0184]  Temporal[0.0262]  Contingency[0.1273]  Expansion
Comparison[0.0922]  EntRel[0.1875]  Expansion[0.5117]  NoRel[0.0121]  Temporal[0.0672]  Contingency[0.1293]  Expansion
Comparison[0.0908]  EntRel[0.3486]  Expansion[0.2527]  NoRel[0.0122]  Temporal[0.1427]  Contingency[0.1530]  EntRel
Comparison[0.1195]  EntRel[0.2211]  Expansion[0.2911]  NoRel[0.0274]  Temporal[0.1151]  Contingency[0.2258]  Expansion
Comparison[0.0867]  EntRel[0.3814]  Expansion[0.3062]  NoRel[0.0183]  Temporal[0.0653]  Contingency[0.1422]  EntRel
Comparison[0.0784]  EntRel[0.2258]  Expansion[0.2943]  NoRel[0.0063]  Temporal[0.2287]  Contingency[0.1665]  Expansion
Comparison[0.1723]  EntRel[0.2238]  Expansion[0.3311]  NoRel[0.0205]  Temporal[0.1060]  Contingency[0.1461]  Expansion
Comparison[0.0462]  EntRel[0.1924]  Expansion[0.5469]  NoRel[0.0016]  Temporal[0.0146]  Contingency[0.1984]  Expansion
Comparison[0.0862]  EntRel[0.1317]  Expansion[0.5450]  NoRel[0.0015]  Temporal[0.0037]  Contingency[0.2319]  Expansion
Comparison[0.1926]  EntRel[0.1522]  Expansion[0.4290]  NoRel[0.0029]  Temporal[0.0500]  Contingency[0.1734]  Expansion
Comparison[0.0773]  EntRel[0.1777]  Expansion[0.5900]  NoRel[0.0041]  Temporal[0.0262]  Contingency[0.1246]  Expansion
Comparison[0.3352]  EntRel[0.1505]  Expansion[0.3431]  NoRel[0.0015]  Temporal[0.0477]  Contingency[0.1218]  Expansion
Comparison[0.0877]  EntRel[0.1782]  Expansion[0.4746]  NoRel[0.0109]  Temporal[0.0275]  Contingency[0.2212]  Expansion
Comparison[0.1198]  EntRel[0.1363]  Expansion[0.4269]  NoRel[0.0033]  Temporal[0.0562]  Contingency[0.2575]  Expansion
Comparison[0.1098]  EntRel[0.3559]  Expansion[0.2843]  NoRel[0.0193]  Temporal[0.0322]  Contingency[0.1985]  EntRel
Comparison[0.0939]  EntRel[0.1050]  Expansion[0.3549]  NoRel[0.0225]  Temporal[0.0159]  Contingency[0.4079]  Contingency
Comparison[0.1447]  EntRel[0.2751]  Expansion[0.3892]  NoRel[0.0444]  Temporal[0.0375]  Contingency[0.1090]  Expansion
Comparison[0.0693]  EntRel[0.2766]  Expansion[0.3826]  NoRel[0.0096]  Temporal[0.0950]  Contingency[0.1669]  Expansion
Comparison[0.0453]  EntRel[0.1820]  Expansion[0.4033]  NoRel[0.0224]  Temporal[0.1541]  Contingency[0.1928]  Expansion
Comparison[0.0916]  EntRel[0.3377]  Expansion[0.2653]  NoRel[0.0179]  Temporal[0.1259]  Contingency[0.1617]  EntRel
Comparison[0.0973]  EntRel[0.2338]  Expansion[0.3870]  NoRel[0.0151]  Temporal[0.1164]  Contingency[0.1505]  Expansion
Comparison[0.1423]  EntRel[0.2144]  Expansion[0.3038]  NoRel[0.0186]  Temporal[0.1062]  Contingency[0.2146]  Expansion
Comparison[0.1092]  EntRel[0.2977]  Expansion[0.3478]  NoRel[0.0382]  Temporal[0.0414]  Contingency[0.1656]  Expansion
Comparison[0.1606]  EntRel[0.2194]  Expansion[0.4231]  NoRel[0.0102]  Temporal[0.0300]  Contingency[0.1566]  Expansion
Comparison[0.0932]  EntRel[0.2217]  Expansion[0.4307]  NoRel[0.0222]  Temporal[0.0670]  Contingency[0.1652]  Expansion
Comparison[0.0511]  EntRel[0.3317]  Expansion[0.3973]  NoRel[0.0541]  Temporal[0.0756]  Contingency[0.0902]  Expansion
Comparison[0.0470]  EntRel[0.2936]  Expansion[0.5598]  NoRel[0.0104]  Temporal[0.0333]  Contingency[0.0559]  Expansion
Comparison[0.0781]  EntRel[0.3558]  Expansion[0.3857]  NoRel[0.0140]  Temporal[0.0444]  Contingency[0.1221]  Expansion
Comparison[0.1135]  EntRel[0.1548]  Expansion[0.5919]  NoRel[0.0028]  Temporal[0.0154]  Contingency[0.1215]  Expansion
Comparison[0.0751]  EntRel[0.2584]  Expansion[0.5266]  NoRel[0.0130]  Temporal[0.0269]  Contingency[0.1001]  Expansion
Comparison[0.1757]  EntRel[0.1723]  Expansion[0.3686]  NoRel[0.0042]  Temporal[0.0479]  Contingency[0.2312]  Expansion
Comparison[0.1005]  EntRel[0.2590]  Expansion[0.3411]  NoRel[0.0122]  Temporal[0.0489]  Contingency[0.2382]  Expansion
Comparison[0.0917]  EntRel[0.1690]  Expansion[0.2825]  NoRel[0.0134]  Temporal[0.2961]  Contingency[0.1473]  Temporal
Comparison[0.1118]  EntRel[0.2936]  Expansion[0.3125]  NoRel[0.0078]  Temporal[0.1132]  Contingency[0.1612]  Expansion
Comparison[0.1001]  EntRel[0.2877]  Expansion[0.3210]  NoRel[0.0357]  Temporal[0.1053]  Contingency[0.1502]  Expansion
Comparison[0.0891]  EntRel[0.2567]  Expansion[0.3922]  NoRel[0.0458]  Temporal[0.0791]  Contingency[0.1371]  Expansion
Comparison[0.1146]  EntRel[0.2357]  Expansion[0.3502]  NoRel[0.0141]  Temporal[0.1183]  Contingency[0.1671]  Expansion
Comparison[0.0999]  EntRel[0.1853]  Expansion[0.3604]  NoRel[0.0257]  Temporal[0.0382]  Contingency[0.2906]  Expansion
Comparison[0.1009]  EntRel[0.2063]  Expansion[0.4469]  NoRel[0.0049]  Temporal[0.0223]  Contingency[0.2187]  Expansion
Comparison[0.2620]  EntRel[0.1671]  Expansion[0.3151]  NoRel[0.0065]  Temporal[0.0438]  Contingency[0.2055]  Expansion
Comparison[0.1217]  EntRel[0.1238]  Expansion[0.5702]  NoRel[0.0072]  Temporal[0.0262]  Contingency[0.1509]  Expansion
Comparison[0.0518]  EntRel[0.2923]  Expansion[0.4240]  NoRel[0.0093]  Temporal[0.0599]  Contingency[0.1626]  Expansion
Comparison[0.0867]  EntRel[0.3322]  Expansion[0.3499]  NoRel[0.0903]  Temporal[0.0716]  Contingency[0.0693]  Expansion
Comparison[0.0842]  EntRel[0.1569]  Expansion[0.6000]  NoRel[0.0422]  Temporal[0.0152]  Contingency[0.1015]  Expansion
Comparison[0.1191]  EntRel[0.1496]  Expansion[0.4188]  NoRel[0.0357]  Temporal[0.0575]  Contingency[0.2192]  Expansion
Comparison[0.1300]  EntRel[0.2281]  Expansion[0.3427]  NoRel[0.0028]  Temporal[0.0342]  Contingency[0.2623]  Expansion
Comparison[0.0967]  EntRel[0.0945]  Expansion[0.4781]  NoRel[0.0035]  Temporal[0.0171]  Contingency[0.3100]  Expansion
Comparison[0.1574]  EntRel[0.1468]  Expansion[0.2821]  NoRel[0.0014]  Temporal[0.0327]  Contingency[0.3796]  Contingency
Comparison[0.0754]  EntRel[0.2740]  Expansion[0.3870]  NoRel[0.0193]  Temporal[0.0279]  Contingency[0.2164]  Expansion
Comparison[0.1090]  EntRel[0.3160]  Expansion[0.3643]  NoRel[0.0130]  Temporal[0.0031]  Contingency[0.1945]  Expansion
Comparison[0.0937]  EntRel[0.1852]  Expansion[0.4883]  NoRel[0.0067]  Temporal[0.0131]  Contingency[0.2130]  Expansion
Comparison[0.1014]  EntRel[0.2999]  Expansion[0.3949]  NoRel[0.0420]  Temporal[0.0547]  Contingency[0.1072]  Expansion
Comparison[0.0754]  EntRel[0.1266]  Expansion[0.6496]  NoRel[0.0136]  Temporal[0.0206]  Contingency[0.1142]  Expansion
Comparison[0.1124]  EntRel[0.2493]  Expansion[0.3398]  NoRel[0.0288]  Temporal[0.0506]  Contingency[0.2191]  Expansion
Comparison[0.1167]  EntRel[0.2854]  Expansion[0.3199]  NoRel[0.0407]  Temporal[0.0639]  Contingency[0.1733]  Expansion
Comparison[0.1296]  EntRel[0.2135]  Expansion[0.3548]  NoRel[0.0252]  Temporal[0.1125]  Contingency[0.1645]  Expansion
Comparison[0.1165]  EntRel[0.2235]  Expansion[0.3077]  NoRel[0.0152]  Temporal[0.1268]  Contingency[0.2103]  Expansion
Comparison[0.1262]  EntRel[0.2315]  Expansion[0.4120]  NoRel[0.0037]  Temporal[0.0086]  Contingency[0.2180]  Expansion
Comparison[0.1317]  EntRel[0.1811]  Expansion[0.5009]  NoRel[0.0017]  Temporal[0.0058]  Contingency[0.1789]  Expansion
Comparison[0.1375]  EntRel[0.2206]  Expansion[0.4352]  NoRel[0.0132]  Temporal[0.0505]  Contingency[0.1430]  Expansion
Comparison[0.0562]  EntRel[0.2038]  Expansion[0.2746]  NoRel[0.0085]  Temporal[0.0237]  Contingency[0.4332]  Contingency
Comparison[0.0871]  EntRel[0.1734]  Expansion[0.4177]  NoRel[0.0107]  Temporal[0.0323]  Contingency[0.2788]  Expansion
Comparison[0.1273]  EntRel[0.2425]  Expansion[0.3911]  NoRel[0.0083]  Temporal[0.0566]  Contingency[0.1741]  Expansion
Comparison[0.1029]  EntRel[0.1577]  Expansion[0.4757]  NoRel[0.0089]  Temporal[0.0045]  Contingency[0.2503]  Expansion
Comparison[0.0781]  EntRel[0.2689]  Expansion[0.3918]  NoRel[0.0098]  Temporal[0.0327]  Contingency[0.2187]  Expansion
Comparison[0.0717]  EntRel[0.2360]  Expansion[0.5328]  NoRel[0.0129]  Temporal[0.0363]  Contingency[0.1102]  Expansion
Comparison[0.1314]  EntRel[0.2598]  Expansion[0.3092]  NoRel[0.0145]  Temporal[0.1776]  Contingency[0.1075]  Expansion
Comparison[0.0733]  EntRel[0.2093]  Expansion[0.4675]  NoRel[0.0244]  Temporal[0.0824]  Contingency[0.1430]  Expansion
Comparison[0.0648]  EntRel[0.4234]  Expansion[0.3445]  NoRel[0.0113]  Temporal[0.0560]  Contingency[0.1000]  EntRel
Comparison[0.0750]  EntRel[0.3372]  Expansion[0.2860]  NoRel[0.0353]  Temporal[0.0987]  Contingency[0.1677]  EntRel
Comparison[0.1181]  EntRel[0.4162]  Expansion[0.2577]  NoRel[0.0189]  Temporal[0.0433]  Contingency[0.1458]  EntRel
Comparison[0.1644]  EntRel[0.3403]  Expansion[0.2617]  NoRel[0.0492]  Temporal[0.0650]  Contingency[0.1193]  EntRel
Comparison[0.0909]  EntRel[0.2414]  Expansion[0.3826]  NoRel[0.0384]  Temporal[0.0583]  Contingency[0.1883]  Expansion
Comparison[0.0940]  EntRel[0.3081]  Expansion[0.3709]  NoRel[0.0027]  Temporal[0.0789]  Contingency[0.1454]  Expansion
Comparison[0.0969]  EntRel[0.1808]  Expansion[0.4715]  NoRel[0.0011]  Temporal[0.1497]  Contingency[0.1000]  Expansion
Comparison[0.1116]  EntRel[0.2830]  Expansion[0.3991]  NoRel[0.0380]  Temporal[0.0446]  Contingency[0.1238]  Expansion
Comparison[0.0906]  EntRel[0.1909]  Expansion[0.3939]  NoRel[0.0354]  Temporal[0.0956]  Contingency[0.1935]  Expansion
Comparison[0.0898]  EntRel[0.1746]  Expansion[0.4596]  NoRel[0.0150]  Temporal[0.1240]  Contingency[0.1370]  Expansion
Comparison[0.2824]  EntRel[0.1563]  Expansion[0.2858]  NoRel[0.0154]  Temporal[0.0744]  Contingency[0.1857]  Expansion
Comparison[0.1338]  EntRel[0.3349]  Expansion[0.1847]  NoRel[0.1186]  Temporal[0.1274]  Contingency[0.1005]  EntRel
Comparison[0.1205]  EntRel[0.3358]  Expansion[0.2233]  NoRel[0.0428]  Temporal[0.2175]  Contingency[0.0601]  EntRel
Comparison[0.1299]  EntRel[0.3228]  Expansion[0.2759]  NoRel[0.0133]  Temporal[0.0668]  Contingency[0.1913]  EntRel
Comparison[0.1196]  EntRel[0.2388]  Expansion[0.3818]  NoRel[0.0536]  Temporal[0.0710]  Contingency[0.1352]  Expansion
Comparison[0.1233]  EntRel[0.1932]  Expansion[0.3780]  NoRel[0.0498]  Temporal[0.1107]  Contingency[0.1449]  Expansion
Comparison[0.1071]  EntRel[0.1771]  Expansion[0.4531]  NoRel[0.0113]  Temporal[0.1172]  Contingency[0.1342]  Expansion
Comparison[0.1165]  EntRel[0.2481]  Expansion[0.3998]  NoRel[0.0065]  Temporal[0.0593]  Contingency[0.1699]  Expansion
Comparison[0.1466]  EntRel[0.2419]  Expansion[0.4462]  NoRel[0.0129]  Temporal[0.0077]  Contingency[0.1446]  Expansion
Comparison[0.1081]  EntRel[0.5282]  Expansion[0.1550]  NoRel[0.1025]  Temporal[0.0482]  Contingency[0.0579]  EntRel
Comparison[0.1247]  EntRel[0.4102]  Expansion[0.2833]  NoRel[0.0296]  Temporal[0.0766]  Contingency[0.0756]  EntRel
Comparison[0.0811]  EntRel[0.3176]  Expansion[0.3682]  NoRel[0.0135]  Temporal[0.1245]  Contingency[0.0951]  Expansion
Comparison[0.1441]  EntRel[0.3077]  Expansion[0.2936]  NoRel[0.0259]  Temporal[0.1317]  Contingency[0.0970]  EntRel
Comparison[0.1022]  EntRel[0.1906]  Expansion[0.2874]  NoRel[0.0577]  Temporal[0.0510]  Contingency[0.3111]  Contingency
Comparison[0.0404]  EntRel[0.2627]  Expansion[0.5284]  NoRel[0.0071]  Temporal[0.0134]  Contingency[0.1481]  Expansion
Comparison[0.0769]  EntRel[0.1816]  Expansion[0.3351]  NoRel[0.0241]  Temporal[0.0253]  Contingency[0.3570]  Contingency
