Comparison[0.0881]  EntRel[0.2524]  Expansion[0.3934]  NoRel[0.0292]  Temporal[0.0517]  Contingency[0.1852]  Expansion
Comparison[0.0856]  EntRel[0.3049]  Expansion[0.3591]  NoRel[0.0159]  Temporal[0.0213]  Contingency[0.2131]  Expansion
Comparison[0.0469]  EntRel[0.1563]  Expansion[0.4286]  NoRel[0.0067]  Temporal[0.0217]  Contingency[0.3398]  Expansion
Comparison[0.0963]  EntRel[0.2638]  Expansion[0.2951]  NoRel[0.0140]  Temporal[0.0328]  Contingency[0.2979]  Contingency
Comparison[0.0709]  EntRel[0.3245]  Expansion[0.3573]  NoRel[0.0245]  Temporal[0.0134]  Contingency[0.2094]  Expansion
Comparison[0.0513]  EntRel[0.2978]  Expansion[0.5433]  NoRel[0.0037]  Temporal[0.0228]  Contingency[0.0811]  Expansion
Comparison[0.1018]  EntRel[0.2745]  Expansion[0.3912]  NoRel[0.0043]  Temporal[0.0621]  Contingency[0.1660]  Expansion
Comparison[0.0635]  EntRel[0.3081]  Expansion[0.3878]  NoRel[0.0186]  Temporal[0.0484]  Contingency[0.1736]  Expansion
Comparison[0.0590]  EntRel[0.2052]  Expansion[0.5092]  NoRel[0.0042]  Temporal[0.0116]  Contingency[0.2108]  Expansion
Comparison[0.1023]  EntRel[0.3702]  Expansion[0.4120]  NoRel[0.0067]  Temporal[0.0373]  Contingency[0.0714]  Expansion
Comparison[0.1120]  EntRel[0.3268]  Expansion[0.3617]  NoRel[0.0117]  Temporal[0.0512]  Contingency[0.1367]  Expansion
Comparison[0.1002]  EntRel[0.4070]  Expansion[0.2781]  NoRel[0.0387]  Temporal[0.0192]  Contingency[0.1568]  EntRel
Comparison[0.1211]  EntRel[0.2195]  Expansion[0.3753]  NoRel[0.0278]  Temporal[0.0394]  Contingency[0.2169]  Expansion
Comparison[0.1258]  EntRel[0.3464]  Expansion[0.2063]  NoRel[0.0116]  Temporal[0.1242]  Contingency[0.1856]  EntRel
Comparison[0.1114]  EntRel[0.2410]  Expansion[0.2611]  NoRel[0.0211]  Temporal[0.0894]  Contingency[0.2761]  Contingency
Comparison[0.1529]  EntRel[0.1969]  Expansion[0.4056]  NoRel[0.0162]  Temporal[0.0231]  Contingency[0.2052]  Expansion
Comparison[0.0514]  EntRel[0.3066]  Expansion[0.5014]  NoRel[0.0099]  Temporal[0.0232]  Contingency[0.1075]  Expansion
Comparison[0.0799]  EntRel[0.4083]  Expansion[0.3052]  NoRel[0.0246]  Temporal[0.0386]  Contingency[0.1434]  EntRel
Comparison[0.1145]  EntRel[0.2468]  Expansion[0.3381]  NoRel[0.0264]  Temporal[0.0491]  Contingency[0.2250]  Expansion
Comparison[0.0797]  EntRel[0.1507]  Expansion[0.3668]  NoRel[0.0145]  Temporal[0.0997]  Contingency[0.2885]  Expansion
Comparison[0.1193]  EntRel[0.3129]  Expansion[0.3151]  NoRel[0.0021]  Temporal[0.0990]  Contingency[0.1515]  Expansion
Comparison[0.0528]  EntRel[0.2440]  Expansion[0.4666]  NoRel[0.0099]  Temporal[0.0231]  Contingency[0.2036]  Expansion
Comparison[0.0913]  EntRel[0.3962]  Expansion[0.3586]  NoRel[0.0050]  Temporal[0.0334]  Contingency[0.1157]  EntRel
Comparison[0.1134]  EntRel[0.1370]  Expansion[0.3013]  NoRel[0.0076]  Temporal[0.0434]  Contingency[0.3972]  Contingency
Comparison[0.0827]  EntRel[0.2095]  Expansion[0.4799]  NoRel[0.0022]  Temporal[0.0073]  Contingency[0.2184]  Expansion
Comparison[0.0959]  EntRel[0.1771]  Expansion[0.4030]  NoRel[0.0079]  Temporal[0.0196]  Contingency[0.2965]  Expansion
Comparison[0.0915]  EntRel[0.1585]  Expansion[0.5407]  NoRel[0.0017]  Temporal[0.0168]  Contingency[0.1908]  Expansion
Comparison[0.1070]  EntRel[0.1834]  Expansion[0.5528]  NoRel[0.0041]  Temporal[0.0415]  Contingency[0.1113]  Expansion
Comparison[0.0729]  EntRel[0.2858]  Expansion[0.3923]  NoRel[0.0241]  Temporal[0.0811]  Contingency[0.1439]  Expansion
Comparison[0.0935]  EntRel[0.3313]  Expansion[0.3599]  NoRel[0.0387]  Temporal[0.0290]  Contingency[0.1476]  Expansion
Comparison[0.0939]  EntRel[0.2131]  Expansion[0.4261]  NoRel[0.0383]  Temporal[0.0396]  Contingency[0.1889]  Expansion
Comparison[0.1180]  EntRel[0.2627]  Expansion[0.3287]  NoRel[0.0269]  Temporal[0.0741]  Contingency[0.1896]  Expansion
Comparison[0.0967]  EntRel[0.2492]  Expansion[0.3558]  NoRel[0.0212]  Temporal[0.0834]  Contingency[0.1938]  Expansion
Comparison[0.0970]  EntRel[0.2504]  Expansion[0.3694]  NoRel[0.0037]  Temporal[0.0499]  Contingency[0.2296]  Expansion
Comparison[0.0599]  EntRel[0.2623]  Expansion[0.5116]  NoRel[0.0027]  Temporal[0.0233]  Contingency[0.1401]  Expansion
Comparison[0.1138]  EntRel[0.3054]  Expansion[0.3698]  NoRel[0.0047]  Temporal[0.0164]  Contingency[0.1900]  Expansion
Comparison[0.0632]  EntRel[0.1219]  Expansion[0.5232]  NoRel[0.0024]  Temporal[0.0206]  Contingency[0.2686]  Expansion
Comparison[0.0775]  EntRel[0.3868]  Expansion[0.4064]  NoRel[0.0031]  Temporal[0.0147]  Contingency[0.1116]  Expansion
Comparison[0.0471]  EntRel[0.3971]  Expansion[0.4245]  NoRel[0.0048]  Temporal[0.0444]  Contingency[0.0821]  Expansion
Comparison[0.1207]  EntRel[0.3655]  Expansion[0.3075]  NoRel[0.0027]  Temporal[0.0396]  Contingency[0.1639]  EntRel
Comparison[0.1132]  EntRel[0.2004]  Expansion[0.5099]  NoRel[0.0053]  Temporal[0.0252]  Contingency[0.1459]  Expansion
Comparison[0.0715]  EntRel[0.4544]  Expansion[0.3179]  NoRel[0.0049]  Temporal[0.0613]  Contingency[0.0899]  EntRel
Comparison[0.0812]  EntRel[0.3072]  Expansion[0.4025]  NoRel[0.0067]  Temporal[0.0147]  Contingency[0.1878]  Expansion
Comparison[0.0940]  EntRel[0.2913]  Expansion[0.3486]  NoRel[0.0011]  Temporal[0.0210]  Contingency[0.2439]  Expansion
Comparison[0.1013]  EntRel[0.2244]  Expansion[0.3920]  NoRel[0.0053]  Temporal[0.0171]  Contingency[0.2599]  Expansion
Comparison[0.1435]  EntRel[0.1508]  Expansion[0.3447]  NoRel[0.0007]  Temporal[0.0118]  Contingency[0.3484]  Contingency
Comparison[0.0889]  EntRel[0.1588]  Expansion[0.3870]  NoRel[0.0011]  Temporal[0.0136]  Contingency[0.3506]  Expansion
Comparison[0.0647]  EntRel[0.1749]  Expansion[0.4533]  NoRel[0.0066]  Temporal[0.0268]  Contingency[0.2737]  Expansion
Comparison[0.1122]  EntRel[0.2639]  Expansion[0.3812]  NoRel[0.0093]  Temporal[0.0734]  Contingency[0.1600]  Expansion
Comparison[0.0905]  EntRel[0.3056]  Expansion[0.3484]  NoRel[0.0233]  Temporal[0.0904]  Contingency[0.1417]  Expansion
Comparison[0.1128]  EntRel[0.3139]  Expansion[0.3444]  NoRel[0.0239]  Temporal[0.0292]  Contingency[0.1757]  Expansion
Comparison[0.1100]  EntRel[0.2459]  Expansion[0.3442]  NoRel[0.0267]  Temporal[0.0269]  Contingency[0.2463]  Expansion
Comparison[0.1020]  EntRel[0.3720]  Expansion[0.3241]  NoRel[0.0109]  Temporal[0.0952]  Contingency[0.0957]  EntRel
Comparison[0.0857]  EntRel[0.2792]  Expansion[0.4451]  NoRel[0.0144]  Temporal[0.0231]  Contingency[0.1525]  Expansion
Comparison[0.1531]  EntRel[0.2093]  Expansion[0.3953]  NoRel[0.0209]  Temporal[0.0851]  Contingency[0.1364]  Expansion
Comparison[0.0935]  EntRel[0.2936]  Expansion[0.3291]  NoRel[0.0216]  Temporal[0.0465]  Contingency[0.2158]  Expansion
Comparison[0.1427]  EntRel[0.4230]  Expansion[0.2376]  NoRel[0.0208]  Temporal[0.0507]  Contingency[0.1252]  EntRel
Comparison[0.0938]  EntRel[0.3392]  Expansion[0.3751]  NoRel[0.0044]  Temporal[0.0336]  Contingency[0.1539]  Expansion
Comparison[0.0922]  EntRel[0.2325]  Expansion[0.5290]  NoRel[0.0118]  Temporal[0.0279]  Contingency[0.1067]  Expansion
Comparison[0.0988]  EntRel[0.1502]  Expansion[0.4786]  NoRel[0.0250]  Temporal[0.0463]  Contingency[0.2010]  Expansion
Comparison[0.0814]  EntRel[0.1537]  Expansion[0.3872]  NoRel[0.0074]  Temporal[0.0474]  Contingency[0.3230]  Expansion
Comparison[0.0693]  EntRel[0.2329]  Expansion[0.5098]  NoRel[0.0065]  Temporal[0.0135]  Contingency[0.1681]  Expansion
Comparison[0.0660]  EntRel[0.2142]  Expansion[0.4691]  NoRel[0.0011]  Temporal[0.0285]  Contingency[0.2211]  Expansion
Comparison[0.0651]  EntRel[0.1024]  Expansion[0.5621]  NoRel[0.0011]  Temporal[0.0059]  Contingency[0.2635]  Expansion
Comparison[0.0791]  EntRel[0.1564]  Expansion[0.5126]  NoRel[0.0015]  Temporal[0.0301]  Contingency[0.2203]  Expansion
Comparison[0.1325]  EntRel[0.1642]  Expansion[0.4667]  NoRel[0.0014]  Temporal[0.0596]  Contingency[0.1756]  Expansion
Comparison[0.0467]  EntRel[0.1852]  Expansion[0.4828]  NoRel[0.0032]  Temporal[0.0321]  Contingency[0.2500]  Expansion
Comparison[0.1247]  EntRel[0.2550]  Expansion[0.3091]  NoRel[0.0101]  Temporal[0.0429]  Contingency[0.2582]  Expansion
Comparison[0.1531]  EntRel[0.2791]  Expansion[0.4182]  NoRel[0.0109]  Temporal[0.0220]  Contingency[0.1166]  Expansion
Comparison[0.0669]  EntRel[0.3727]  Expansion[0.3330]  NoRel[0.0079]  Temporal[0.0185]  Contingency[0.2010]  EntRel
Comparison[0.0577]  EntRel[0.3718]  Expansion[0.3561]  NoRel[0.0057]  Temporal[0.0074]  Contingency[0.2014]  EntRel
Comparison[0.1124]  EntRel[0.2954]  Expansion[0.3725]  NoRel[0.0164]  Temporal[0.0358]  Contingency[0.1675]  Expansion
Comparison[0.1093]  EntRel[0.2676]  Expansion[0.3515]  NoRel[0.0087]  Temporal[0.0807]  Contingency[0.1822]  Expansion
Comparison[0.0925]  EntRel[0.2083]  Expansion[0.4293]  NoRel[0.0017]  Temporal[0.0388]  Contingency[0.2293]  Expansion
Comparison[0.0712]  EntRel[0.1717]  Expansion[0.5302]  NoRel[0.0023]  Temporal[0.0462]  Contingency[0.1783]  Expansion
Comparison[0.1373]  EntRel[0.2890]  Expansion[0.2657]  NoRel[0.0297]  Temporal[0.0673]  Contingency[0.2111]  EntRel
Comparison[0.0517]  EntRel[0.3409]  Expansion[0.3614]  NoRel[0.0069]  Temporal[0.0583]  Contingency[0.1809]  Expansion
Comparison[0.0429]  EntRel[0.1427]  Expansion[0.3362]  NoRel[0.0025]  Temporal[0.0094]  Contingency[0.4662]  Contingency
Comparison[0.0739]  EntRel[0.3148]  Expansion[0.4206]  NoRel[0.0122]  Temporal[0.0248]  Contingency[0.1537]  Expansion
Comparison[0.0698]  EntRel[0.4127]  Expansion[0.2288]  NoRel[0.0162]  Temporal[0.1606]  Contingency[0.1118]  EntRel
Comparison[0.0711]  EntRel[0.2052]  Expansion[0.4130]  NoRel[0.0064]  Temporal[0.0473]  Contingency[0.2570]  Expansion
Comparison[0.0927]  EntRel[0.3324]  Expansion[0.3372]  NoRel[0.0463]  Temporal[0.0722]  Contingency[0.1191]  Expansion
Comparison[0.1363]  EntRel[0.2770]  Expansion[0.2574]  NoRel[0.0405]  Temporal[0.1080]  Contingency[0.1808]  EntRel
Comparison[0.1247]  EntRel[0.3938]  Expansion[0.2013]  NoRel[0.0633]  Temporal[0.0835]  Contingency[0.1333]  EntRel
Comparison[0.1655]  EntRel[0.3339]  Expansion[0.2450]  NoRel[0.0181]  Temporal[0.1385]  Contingency[0.0991]  EntRel
Comparison[0.0974]  EntRel[0.1625]  Expansion[0.3096]  NoRel[0.0153]  Temporal[0.3206]  Contingency[0.0947]  Temporal
Comparison[0.1253]  EntRel[0.2994]  Expansion[0.3244]  NoRel[0.0361]  Temporal[0.0688]  Contingency[0.1460]  Expansion
