Comparison[0.0544]  EntRel[0.1356]  Expansion[0.5290]  NoRel[0.0040]  Temporal[0.0129]  Contingency[0.2642]  Expansion
Comparison[0.1158]  EntRel[0.1983]  Expansion[0.3768]  NoRel[0.0195]  Temporal[0.0690]  Contingency[0.2206]  Expansion
Comparison[0.0936]  EntRel[0.1362]  Expansion[0.2636]  NoRel[0.0062]  Temporal[0.0499]  Contingency[0.4505]  Contingency
Comparison[0.1134]  EntRel[0.2269]  Expansion[0.2806]  NoRel[0.0378]  Temporal[0.0810]  Contingency[0.2603]  Expansion
Comparison[0.0959]  EntRel[0.3350]  Expansion[0.2935]  NoRel[0.0123]  Temporal[0.0998]  Contingency[0.1635]  EntRel
Comparison[0.0950]  EntRel[0.2420]  Expansion[0.3683]  NoRel[0.0063]  Temporal[0.1244]  Contingency[0.1640]  Expansion
Comparison[0.1232]  EntRel[0.3060]  Expansion[0.2368]  NoRel[0.0184]  Temporal[0.1091]  Contingency[0.2066]  EntRel
Comparison[0.0670]  EntRel[0.3184]  Expansion[0.4676]  NoRel[0.0166]  Temporal[0.0176]  Contingency[0.1129]  Expansion
Comparison[0.1571]  EntRel[0.2653]  Expansion[0.3739]  NoRel[0.0084]  Temporal[0.0493]  Contingency[0.1460]  Expansion
Comparison[0.2066]  EntRel[0.2180]  Expansion[0.3947]  NoRel[0.0042]  Temporal[0.0314]  Contingency[0.1451]  Expansion
Comparison[0.0979]  EntRel[0.2198]  Expansion[0.3619]  NoRel[0.0118]  Temporal[0.0563]  Contingency[0.2523]  Expansion
Comparison[0.0917]  EntRel[0.1100]  Expansion[0.4515]  NoRel[0.0049]  Temporal[0.0174]  Contingency[0.3245]  Expansion
Comparison[0.1019]  EntRel[0.3556]  Expansion[0.3338]  NoRel[0.0130]  Temporal[0.0597]  Contingency[0.1359]  EntRel
Comparison[0.0627]  EntRel[0.4473]  Expansion[0.2760]  NoRel[0.0247]  Temporal[0.0629]  Contingency[0.1264]  EntRel
Comparison[0.0598]  EntRel[0.2383]  Expansion[0.4381]  NoRel[0.0307]  Temporal[0.0674]  Contingency[0.1657]  Expansion
Comparison[0.1232]  EntRel[0.2230]  Expansion[0.3205]  NoRel[0.0213]  Temporal[0.1072]  Contingency[0.2048]  Expansion
Comparison[0.0993]  EntRel[0.2271]  Expansion[0.3110]  NoRel[0.0259]  Temporal[0.1253]  Contingency[0.2115]  Expansion
Comparison[0.1340]  EntRel[0.2464]  Expansion[0.3108]  NoRel[0.0438]  Temporal[0.0708]  Contingency[0.1941]  Expansion
Comparison[0.0992]  EntRel[0.1934]  Expansion[0.4020]  NoRel[0.0208]  Temporal[0.0458]  Contingency[0.2388]  Expansion
Comparison[0.0512]  EntRel[0.1623]  Expansion[0.4976]  NoRel[0.0024]  Temporal[0.0225]  Contingency[0.2640]  Expansion
Comparison[0.1290]  EntRel[0.1653]  Expansion[0.3943]  NoRel[0.0060]  Temporal[0.0688]  Contingency[0.2366]  Expansion
Comparison[0.0918]  EntRel[0.2137]  Expansion[0.4984]  NoRel[0.0328]  Temporal[0.0173]  Contingency[0.1460]  Expansion
Comparison[0.0398]  EntRel[0.4221]  Expansion[0.3329]  NoRel[0.0162]  Temporal[0.0717]  Contingency[0.1172]  EntRel
Comparison[0.1036]  EntRel[0.1990]  Expansion[0.4119]  NoRel[0.0057]  Temporal[0.0143]  Contingency[0.2655]  Expansion
Comparison[0.1453]  EntRel[0.0981]  Expansion[0.4577]  NoRel[0.0073]  Temporal[0.0153]  Contingency[0.2762]  Expansion
Comparison[0.1373]  EntRel[0.2444]  Expansion[0.3781]  NoRel[0.0147]  Temporal[0.0386]  Contingency[0.1870]  Expansion
Comparison[0.0721]  EntRel[0.2190]  Expansion[0.3010]  NoRel[0.0304]  Temporal[0.0525]  Contingency[0.3249]  Contingency
Comparison[0.1432]  EntRel[0.1712]  Expansion[0.4691]  NoRel[0.0034]  Temporal[0.0466]  Contingency[0.1664]  Expansion
Comparison[0.0720]  EntRel[0.2208]  Expansion[0.4368]  NoRel[0.0251]  Temporal[0.0788]  Contingency[0.1664]  Expansion
Comparison[0.1135]  EntRel[0.0974]  Expansion[0.5609]  NoRel[0.0229]  Temporal[0.0265]  Contingency[0.1787]  Expansion
Comparison[0.1401]  EntRel[0.0888]  Expansion[0.3849]  NoRel[0.0020]  Temporal[0.0188]  Contingency[0.3655]  Expansion
Comparison[0.0671]  EntRel[0.0749]  Expansion[0.5459]  NoRel[0.0011]  Temporal[0.0197]  Contingency[0.2913]  Expansion
Comparison[0.1385]  EntRel[0.2512]  Expansion[0.3537]  NoRel[0.0015]  Temporal[0.0616]  Contingency[0.1936]  Expansion
Comparison[0.1425]  EntRel[0.3046]  Expansion[0.3211]  NoRel[0.0056]  Temporal[0.0162]  Contingency[0.2100]  Expansion
Comparison[0.1273]  EntRel[0.2777]  Expansion[0.3348]  NoRel[0.0152]  Temporal[0.0536]  Contingency[0.1914]  Expansion
Comparison[0.0846]  EntRel[0.1749]  Expansion[0.4571]  NoRel[0.0441]  Temporal[0.0675]  Contingency[0.1718]  Expansion
Comparison[0.1301]  EntRel[0.3321]  Expansion[0.2666]  NoRel[0.0403]  Temporal[0.1131]  Contingency[0.1177]  EntRel
Comparison[0.0721]  EntRel[0.2203]  Expansion[0.5236]  NoRel[0.0144]  Temporal[0.0272]  Contingency[0.1423]  Expansion
Comparison[0.1162]  EntRel[0.2108]  Expansion[0.3481]  NoRel[0.0012]  Temporal[0.0864]  Contingency[0.2373]  Expansion
Comparison[0.1255]  EntRel[0.1830]  Expansion[0.3904]  NoRel[0.0024]  Temporal[0.0870]  Contingency[0.2118]  Expansion
Comparison[0.1766]  EntRel[0.1720]  Expansion[0.2856]  NoRel[0.0032]  Temporal[0.0868]  Contingency[0.2758]  Expansion
Comparison[0.1099]  EntRel[0.2416]  Expansion[0.3219]  NoRel[0.0134]  Temporal[0.0646]  Contingency[0.2486]  Expansion
Comparison[0.0681]  EntRel[0.3188]  Expansion[0.3313]  NoRel[0.0228]  Temporal[0.0744]  Contingency[0.1847]  Expansion
Comparison[0.0969]  EntRel[0.1592]  Expansion[0.3402]  NoRel[0.0048]  Temporal[0.0394]  Contingency[0.3595]  Contingency
Comparison[0.2007]  EntRel[0.1883]  Expansion[0.3486]  NoRel[0.0102]  Temporal[0.0620]  Contingency[0.1903]  Expansion
Comparison[0.1617]  EntRel[0.2214]  Expansion[0.2831]  NoRel[0.0251]  Temporal[0.0703]  Contingency[0.2383]  Expansion
Comparison[0.0575]  EntRel[0.1656]  Expansion[0.4607]  NoRel[0.0041]  Temporal[0.0194]  Contingency[0.2928]  Expansion
Comparison[0.1378]  EntRel[0.2107]  Expansion[0.4426]  NoRel[0.0033]  Temporal[0.0610]  Contingency[0.1445]  Expansion
Comparison[0.1282]  EntRel[0.2114]  Expansion[0.3645]  NoRel[0.0041]  Temporal[0.0591]  Contingency[0.2327]  Expansion
Comparison[0.1364]  EntRel[0.3763]  Expansion[0.2627]  NoRel[0.0098]  Temporal[0.0460]  Contingency[0.1688]  EntRel
Comparison[0.0700]  EntRel[0.1927]  Expansion[0.4751]  NoRel[0.0028]  Temporal[0.0278]  Contingency[0.2316]  Expansion
Comparison[0.1158]  EntRel[0.1356]  Expansion[0.3625]  NoRel[0.0042]  Temporal[0.0327]  Contingency[0.3492]  Expansion
Comparison[0.1164]  EntRel[0.2053]  Expansion[0.3645]  NoRel[0.0123]  Temporal[0.0921]  Contingency[0.2093]  Expansion
Comparison[0.1059]  EntRel[0.3363]  Expansion[0.2734]  NoRel[0.0314]  Temporal[0.1596]  Contingency[0.0935]  EntRel
Comparison[0.1031]  EntRel[0.2096]  Expansion[0.4146]  NoRel[0.0208]  Temporal[0.0607]  Contingency[0.1913]  Expansion
Comparison[0.1903]  EntRel[0.1618]  Expansion[0.4422]  NoRel[0.0106]  Temporal[0.1254]  Contingency[0.0697]  Expansion
Comparison[0.1500]  EntRel[0.2161]  Expansion[0.4254]  NoRel[0.0164]  Temporal[0.0820]  Contingency[0.1101]  Expansion
Comparison[0.0776]  EntRel[0.3536]  Expansion[0.3709]  NoRel[0.0251]  Temporal[0.0582]  Contingency[0.1146]  Expansion
Comparison[0.0756]  EntRel[0.1686]  Expansion[0.4827]  NoRel[0.0036]  Temporal[0.0118]  Contingency[0.2577]  Expansion
Comparison[0.0955]  EntRel[0.0869]  Expansion[0.4513]  NoRel[0.0002]  Temporal[0.0034]  Contingency[0.3626]  Expansion
Comparison[0.1188]  EntRel[0.1574]  Expansion[0.5106]  NoRel[0.0036]  Temporal[0.0436]  Contingency[0.1660]  Expansion
Comparison[0.1537]  EntRel[0.2750]  Expansion[0.3214]  NoRel[0.0047]  Temporal[0.1163]  Contingency[0.1289]  Expansion
Comparison[0.0975]  EntRel[0.1790]  Expansion[0.4114]  NoRel[0.0220]  Temporal[0.0574]  Contingency[0.2327]  Expansion
Comparison[0.1374]  EntRel[0.3085]  Expansion[0.3291]  NoRel[0.0094]  Temporal[0.0651]  Contingency[0.1505]  Expansion
Comparison[0.1153]  EntRel[0.1997]  Expansion[0.4069]  NoRel[0.0677]  Temporal[0.0581]  Contingency[0.1522]  Expansion
Comparison[0.0911]  EntRel[0.2182]  Expansion[0.4024]  NoRel[0.0308]  Temporal[0.1058]  Contingency[0.1516]  Expansion
Comparison[0.2037]  EntRel[0.2149]  Expansion[0.4088]  NoRel[0.0059]  Temporal[0.0318]  Contingency[0.1350]  Expansion
Comparison[0.0979]  EntRel[0.2881]  Expansion[0.4145]  NoRel[0.0019]  Temporal[0.0708]  Contingency[0.1268]  Expansion
Comparison[0.1652]  EntRel[0.1813]  Expansion[0.3245]  NoRel[0.0019]  Temporal[0.1675]  Contingency[0.1595]  Expansion
Comparison[0.2233]  EntRel[0.1666]  Expansion[0.3627]  NoRel[0.0134]  Temporal[0.0434]  Contingency[0.1906]  Expansion
Comparison[0.1656]  EntRel[0.1652]  Expansion[0.3741]  NoRel[0.0184]  Temporal[0.0304]  Contingency[0.2463]  Expansion
Comparison[0.1122]  EntRel[0.1766]  Expansion[0.3598]  NoRel[0.0167]  Temporal[0.0624]  Contingency[0.2722]  Expansion
Comparison[0.0985]  EntRel[0.2363]  Expansion[0.3012]  NoRel[0.0189]  Temporal[0.1847]  Contingency[0.1603]  Expansion
Comparison[0.0844]  EntRel[0.2942]  Expansion[0.2309]  NoRel[0.0351]  Temporal[0.1249]  Contingency[0.2305]  EntRel
Comparison[0.0801]  EntRel[0.2662]  Expansion[0.4780]  NoRel[0.0068]  Temporal[0.0407]  Contingency[0.1283]  Expansion
Comparison[0.0947]  EntRel[0.1446]  Expansion[0.3034]  NoRel[0.0103]  Temporal[0.0437]  Contingency[0.4032]  Contingency
Comparison[0.0832]  EntRel[0.0815]  Expansion[0.4524]  NoRel[0.0005]  Temporal[0.0247]  Contingency[0.3579]  Expansion
Comparison[0.0466]  EntRel[0.3064]  Expansion[0.4375]  NoRel[0.0041]  Temporal[0.0435]  Contingency[0.1618]  Expansion
Comparison[0.0804]  EntRel[0.1763]  Expansion[0.3603]  NoRel[0.0236]  Temporal[0.0809]  Contingency[0.2785]  Expansion
Comparison[0.0975]  EntRel[0.2126]  Expansion[0.3700]  NoRel[0.0057]  Temporal[0.0204]  Contingency[0.2938]  Expansion
Comparison[0.1355]  EntRel[0.2649]  Expansion[0.4136]  NoRel[0.0078]  Temporal[0.0380]  Contingency[0.1402]  Expansion
Comparison[0.0843]  EntRel[0.3987]  Expansion[0.3448]  NoRel[0.0218]  Temporal[0.0367]  Contingency[0.1136]  EntRel
Comparison[0.1343]  EntRel[0.3021]  Expansion[0.3258]  NoRel[0.0178]  Temporal[0.0697]  Contingency[0.1504]  Expansion
Comparison[0.1276]  EntRel[0.2875]  Expansion[0.3611]  NoRel[0.0085]  Temporal[0.0161]  Contingency[0.1991]  Expansion
Comparison[0.1013]  EntRel[0.1796]  Expansion[0.4051]  NoRel[0.0076]  Temporal[0.0448]  Contingency[0.2616]  Expansion
Comparison[0.1482]  EntRel[0.2108]  Expansion[0.3347]  NoRel[0.0132]  Temporal[0.0691]  Contingency[0.2240]  Expansion
Comparison[0.0907]  EntRel[0.1851]  Expansion[0.5267]  NoRel[0.0070]  Temporal[0.0240]  Contingency[0.1663]  Expansion
Comparison[0.0843]  EntRel[0.1396]  Expansion[0.3864]  NoRel[0.0033]  Temporal[0.0101]  Contingency[0.3764]  Expansion
Comparison[0.1112]  EntRel[0.1342]  Expansion[0.4388]  NoRel[0.0013]  Temporal[0.0036]  Contingency[0.3109]  Expansion
Comparison[0.0946]  EntRel[0.1191]  Expansion[0.4084]  NoRel[0.0038]  Temporal[0.0235]  Contingency[0.3506]  Expansion
Comparison[0.1048]  EntRel[0.2351]  Expansion[0.3553]  NoRel[0.0009]  Temporal[0.0046]  Contingency[0.2992]  Expansion
Comparison[0.1679]  EntRel[0.1417]  Expansion[0.4671]  NoRel[0.0026]  Temporal[0.0091]  Contingency[0.2115]  Expansion
Comparison[0.2650]  EntRel[0.2126]  Expansion[0.3128]  NoRel[0.0062]  Temporal[0.0340]  Contingency[0.1694]  Expansion
Comparison[0.0891]  EntRel[0.2939]  Expansion[0.4217]  NoRel[0.0258]  Temporal[0.1061]  Contingency[0.0633]  Expansion
Comparison[0.1196]  EntRel[0.2675]  Expansion[0.4920]  NoRel[0.0061]  Temporal[0.0611]  Contingency[0.0537]  Expansion
Comparison[0.1061]  EntRel[0.2695]  Expansion[0.3747]  NoRel[0.0094]  Temporal[0.1957]  Contingency[0.0446]  Expansion
Comparison[0.1115]  EntRel[0.2836]  Expansion[0.1690]  NoRel[0.0233]  Temporal[0.2752]  Contingency[0.1373]  EntRel
Comparison[0.0918]  EntRel[0.2494]  Expansion[0.2221]  NoRel[0.0339]  Temporal[0.2803]  Contingency[0.1224]  Temporal
Comparison[0.0745]  EntRel[0.4066]  Expansion[0.2703]  NoRel[0.0378]  Temporal[0.0918]  Contingency[0.1190]  EntRel
Comparison[0.0606]  EntRel[0.2595]  Expansion[0.5247]  NoRel[0.0158]  Temporal[0.1029]  Contingency[0.0365]  Expansion
Comparison[0.1375]  EntRel[0.2132]  Expansion[0.4822]  NoRel[0.0023]  Temporal[0.1264]  Contingency[0.0384]  Expansion
Comparison[0.1460]  EntRel[0.2557]  Expansion[0.2878]  NoRel[0.0135]  Temporal[0.1241]  Contingency[0.1730]  Expansion
Comparison[0.0705]  EntRel[0.4485]  Expansion[0.2028]  NoRel[0.0447]  Temporal[0.1123]  Contingency[0.1213]  EntRel
Comparison[0.0430]  EntRel[0.4128]  Expansion[0.3704]  NoRel[0.0071]  Temporal[0.0949]  Contingency[0.0718]  EntRel
Comparison[0.1180]  EntRel[0.3941]  Expansion[0.3178]  NoRel[0.0168]  Temporal[0.0973]  Contingency[0.0561]  EntRel
Comparison[0.1974]  EntRel[0.2167]  Expansion[0.3813]  NoRel[0.0077]  Temporal[0.0395]  Contingency[0.1575]  Expansion
Comparison[0.0501]  EntRel[0.2286]  Expansion[0.4989]  NoRel[0.0053]  Temporal[0.0365]  Contingency[0.1806]  Expansion
Comparison[0.0917]  EntRel[0.2823]  Expansion[0.4277]  NoRel[0.0154]  Temporal[0.1052]  Contingency[0.0777]  Expansion
Comparison[0.0723]  EntRel[0.2360]  Expansion[0.3049]  NoRel[0.0076]  Temporal[0.2637]  Contingency[0.1154]  Expansion
Comparison[0.0738]  EntRel[0.2229]  Expansion[0.4740]  NoRel[0.0031]  Temporal[0.1053]  Contingency[0.1209]  Expansion
Comparison[0.1492]  EntRel[0.2729]  Expansion[0.3448]  NoRel[0.0106]  Temporal[0.1163]  Contingency[0.1063]  Expansion
Comparison[0.1364]  EntRel[0.2749]  Expansion[0.4378]  NoRel[0.0088]  Temporal[0.0820]  Contingency[0.0600]  Expansion
Comparison[0.1186]  EntRel[0.2832]  Expansion[0.2240]  NoRel[0.0121]  Temporal[0.2563]  Contingency[0.1058]  EntRel
Comparison[0.0680]  EntRel[0.1404]  Expansion[0.5969]  NoRel[0.0187]  Temporal[0.0966]  Contingency[0.0793]  Expansion
Comparison[0.1428]  EntRel[0.2745]  Expansion[0.2432]  NoRel[0.0159]  Temporal[0.2109]  Contingency[0.1126]  EntRel
Comparison[0.0850]  EntRel[0.2511]  Expansion[0.4123]  NoRel[0.0289]  Temporal[0.1122]  Contingency[0.1106]  Expansion
Comparison[0.0395]  EntRel[0.3345]  Expansion[0.3429]  NoRel[0.0040]  Temporal[0.1115]  Contingency[0.1676]  Expansion
Comparison[0.0838]  EntRel[0.3914]  Expansion[0.2971]  NoRel[0.0030]  Temporal[0.1326]  Contingency[0.0921]  EntRel
Comparison[0.0697]  EntRel[0.2669]  Expansion[0.2399]  NoRel[0.0087]  Temporal[0.1427]  Contingency[0.2721]  Contingency
Comparison[0.1050]  EntRel[0.3065]  Expansion[0.3562]  NoRel[0.0053]  Temporal[0.1187]  Contingency[0.1083]  Expansion
Comparison[0.1094]  EntRel[0.2381]  Expansion[0.3701]  NoRel[0.0273]  Temporal[0.0891]  Contingency[0.1660]  Expansion
Comparison[0.1566]  EntRel[0.2744]  Expansion[0.3318]  NoRel[0.0254]  Temporal[0.0765]  Contingency[0.1353]  Expansion
Comparison[0.1489]  EntRel[0.2233]  Expansion[0.2272]  NoRel[0.0290]  Temporal[0.1479]  Contingency[0.2236]  Expansion
Comparison[0.1065]  EntRel[0.1850]  Expansion[0.2434]  NoRel[0.0306]  Temporal[0.3109]  Contingency[0.1237]  Temporal
Comparison[0.0589]  EntRel[0.2662]  Expansion[0.4636]  NoRel[0.0075]  Temporal[0.1086]  Contingency[0.0952]  Expansion
Comparison[0.1130]  EntRel[0.2580]  Expansion[0.2178]  NoRel[0.0682]  Temporal[0.1090]  Contingency[0.2340]  EntRel
Comparison[0.0937]  EntRel[0.3335]  Expansion[0.2598]  NoRel[0.0431]  Temporal[0.0742]  Contingency[0.1956]  EntRel
Comparison[0.0980]  EntRel[0.2983]  Expansion[0.3183]  NoRel[0.0304]  Temporal[0.0712]  Contingency[0.1837]  Expansion
Comparison[0.0951]  EntRel[0.1710]  Expansion[0.5578]  NoRel[0.0132]  Temporal[0.0339]  Contingency[0.1290]  Expansion
Comparison[0.0691]  EntRel[0.1904]  Expansion[0.4702]  NoRel[0.0022]  Temporal[0.0127]  Contingency[0.2555]  Expansion
Comparison[0.0734]  EntRel[0.2737]  Expansion[0.3895]  NoRel[0.0052]  Temporal[0.0227]  Contingency[0.2356]  Expansion
Comparison[0.1012]  EntRel[0.2350]  Expansion[0.4386]  NoRel[0.0134]  Temporal[0.0320]  Contingency[0.1798]  Expansion
Comparison[0.0533]  EntRel[0.3138]  Expansion[0.4493]  NoRel[0.0080]  Temporal[0.0196]  Contingency[0.1560]  Expansion
Comparison[0.1179]  EntRel[0.3058]  Expansion[0.2479]  NoRel[0.0094]  Temporal[0.1991]  Contingency[0.1198]  EntRel
Comparison[0.1265]  EntRel[0.2744]  Expansion[0.3306]  NoRel[0.0549]  Temporal[0.0371]  Contingency[0.1765]  Expansion
Comparison[0.1167]  EntRel[0.4062]  Expansion[0.2122]  NoRel[0.0667]  Temporal[0.0725]  Contingency[0.1257]  EntRel
Comparison[0.1512]  EntRel[0.3741]  Expansion[0.2394]  NoRel[0.0239]  Temporal[0.0991]  Contingency[0.1124]  EntRel
Comparison[0.0852]  EntRel[0.3497]  Expansion[0.3269]  NoRel[0.0249]  Temporal[0.0110]  Contingency[0.2023]  EntRel
Comparison[0.1454]  EntRel[0.3486]  Expansion[0.2755]  NoRel[0.0424]  Temporal[0.0307]  Contingency[0.1575]  EntRel
Comparison[0.1177]  EntRel[0.3408]  Expansion[0.2767]  NoRel[0.0373]  Temporal[0.0449]  Contingency[0.1825]  EntRel
Comparison[0.0909]  EntRel[0.2016]  Expansion[0.4556]  NoRel[0.0212]  Temporal[0.0377]  Contingency[0.1931]  Expansion
Comparison[0.1046]  EntRel[0.1978]  Expansion[0.3611]  NoRel[0.0229]  Temporal[0.0792]  Contingency[0.2344]  Expansion
Comparison[0.0984]  EntRel[0.3698]  Expansion[0.3063]  NoRel[0.0195]  Temporal[0.0677]  Contingency[0.1383]  EntRel
Comparison[0.1279]  EntRel[0.3199]  Expansion[0.2601]  NoRel[0.0807]  Temporal[0.0720]  Contingency[0.1394]  EntRel
Comparison[0.1569]  EntRel[0.3495]  Expansion[0.2487]  NoRel[0.0242]  Temporal[0.1155]  Contingency[0.1052]  EntRel
Comparison[0.0899]  EntRel[0.1910]  Expansion[0.4339]  NoRel[0.0154]  Temporal[0.0720]  Contingency[0.1978]  Expansion
Comparison[0.0732]  EntRel[0.2929]  Expansion[0.2451]  NoRel[0.0213]  Temporal[0.2191]  Contingency[0.1485]  EntRel
Comparison[0.0751]  EntRel[0.2491]  Expansion[0.4269]  NoRel[0.0308]  Temporal[0.0344]  Contingency[0.1837]  Expansion
Comparison[0.0973]  EntRel[0.3789]  Expansion[0.3192]  NoRel[0.0127]  Temporal[0.0433]  Contingency[0.1486]  EntRel
Comparison[0.1527]  EntRel[0.3542]  Expansion[0.2253]  NoRel[0.0488]  Temporal[0.0922]  Contingency[0.1268]  EntRel
Comparison[0.1543]  EntRel[0.3443]  Expansion[0.2393]  NoRel[0.0339]  Temporal[0.1154]  Contingency[0.1128]  EntRel
Comparison[0.0786]  EntRel[0.2579]  Expansion[0.4050]  NoRel[0.0131]  Temporal[0.0922]  Contingency[0.1532]  Expansion
Comparison[0.0690]  EntRel[0.3629]  Expansion[0.2750]  NoRel[0.0105]  Temporal[0.0353]  Contingency[0.2473]  EntRel
Comparison[0.0748]  EntRel[0.1908]  Expansion[0.4961]  NoRel[0.0223]  Temporal[0.0290]  Contingency[0.1871]  Expansion
Comparison[0.1057]  EntRel[0.2355]  Expansion[0.4059]  NoRel[0.0170]  Temporal[0.0915]  Contingency[0.1445]  Expansion
Comparison[0.1156]  EntRel[0.3095]  Expansion[0.3530]  NoRel[0.0075]  Temporal[0.1368]  Contingency[0.0777]  Expansion
Comparison[0.0981]  EntRel[0.2612]  Expansion[0.3212]  NoRel[0.0402]  Temporal[0.0801]  Contingency[0.1993]  Expansion
Comparison[0.1454]  EntRel[0.2660]  Expansion[0.2960]  NoRel[0.0294]  Temporal[0.0468]  Contingency[0.2164]  Expansion
Comparison[0.1279]  EntRel[0.2035]  Expansion[0.3607]  NoRel[0.0523]  Temporal[0.0850]  Contingency[0.1705]  Expansion
Comparison[0.1405]  EntRel[0.2729]  Expansion[0.2560]  NoRel[0.0713]  Temporal[0.0554]  Contingency[0.2041]  EntRel
