Comparison[0.1471]  EntRel[0.2084]  Expansion[0.3091]  NoRel[0.0298]  Temporal[0.1144]  Contingency[0.1912]  Expansion
Comparison[0.0678]  EntRel[0.1463]  Expansion[0.4975]  NoRel[0.0201]  Temporal[0.0555]  Contingency[0.2127]  Expansion
Comparison[0.0823]  EntRel[0.2168]  Expansion[0.3932]  NoRel[0.0086]  Temporal[0.0919]  Contingency[0.2072]  Expansion
Comparison[0.0763]  EntRel[0.3801]  Expansion[0.3191]  NoRel[0.0211]  Temporal[0.1167]  Contingency[0.0867]  EntRel
Comparison[0.0770]  EntRel[0.3292]  Expansion[0.4019]  NoRel[0.0156]  Temporal[0.0455]  Contingency[0.1308]  Expansion
Comparison[0.0784]  EntRel[0.1888]  Expansion[0.3763]  NoRel[0.0073]  Temporal[0.1406]  Contingency[0.2085]  Expansion
Comparison[0.1217]  EntRel[0.2567]  Expansion[0.2951]  NoRel[0.0220]  Temporal[0.1458]  Contingency[0.1586]  Expansion
Comparison[0.0955]  EntRel[0.1574]  Expansion[0.3404]  NoRel[0.0266]  Temporal[0.2071]  Contingency[0.1730]  Expansion
Comparison[0.0915]  EntRel[0.2487]  Expansion[0.3994]  NoRel[0.0120]  Temporal[0.0319]  Contingency[0.2165]  Expansion
Comparison[0.1475]  EntRel[0.1061]  Expansion[0.4574]  NoRel[0.0214]  Temporal[0.0539]  Contingency[0.2138]  Expansion
Comparison[0.1251]  EntRel[0.2777]  Expansion[0.4004]  NoRel[0.0168]  Temporal[0.0280]  Contingency[0.1521]  Expansion
Comparison[0.0491]  EntRel[0.2131]  Expansion[0.5081]  NoRel[0.0084]  Temporal[0.0158]  Contingency[0.2055]  Expansion
Comparison[0.0710]  EntRel[0.2631]  Expansion[0.4009]  NoRel[0.0006]  Temporal[0.0206]  Contingency[0.2437]  Expansion
Comparison[0.0902]  EntRel[0.3458]  Expansion[0.3387]  NoRel[0.0171]  Temporal[0.0274]  Contingency[0.1808]  EntRel
Comparison[0.0906]  EntRel[0.1733]  Expansion[0.4770]  NoRel[0.0095]  Temporal[0.0313]  Contingency[0.2184]  Expansion
Comparison[0.0914]  EntRel[0.2042]  Expansion[0.4734]  NoRel[0.0076]  Temporal[0.0250]  Contingency[0.1985]  Expansion
Comparison[0.0976]  EntRel[0.3908]  Expansion[0.3088]  NoRel[0.0038]  Temporal[0.0826]  Contingency[0.1164]  EntRel
Comparison[0.0773]  EntRel[0.1965]  Expansion[0.4722]  NoRel[0.0027]  Temporal[0.0840]  Contingency[0.1672]  Expansion
Comparison[0.1120]  EntRel[0.2787]  Expansion[0.4171]  NoRel[0.0064]  Temporal[0.0560]  Contingency[0.1298]  Expansion
Comparison[0.1414]  EntRel[0.1391]  Expansion[0.4908]  NoRel[0.0043]  Temporal[0.0498]  Contingency[0.1746]  Expansion
Comparison[0.1044]  EntRel[0.2336]  Expansion[0.3156]  NoRel[0.0089]  Temporal[0.0361]  Contingency[0.3014]  Expansion
Comparison[0.1103]  EntRel[0.2870]  Expansion[0.3092]  NoRel[0.0073]  Temporal[0.0753]  Contingency[0.2110]  Expansion
Comparison[0.0557]  EntRel[0.1696]  Expansion[0.3295]  NoRel[0.0050]  Temporal[0.0700]  Contingency[0.3702]  Contingency
Comparison[0.0605]  EntRel[0.3433]  Expansion[0.3355]  NoRel[0.0087]  Temporal[0.0853]  Contingency[0.1667]  EntRel
Comparison[0.2682]  EntRel[0.2387]  Expansion[0.1993]  NoRel[0.0448]  Temporal[0.0694]  Contingency[0.1796]  Comparison
Comparison[0.1202]  EntRel[0.1910]  Expansion[0.2773]  NoRel[0.0752]  Temporal[0.1167]  Contingency[0.2196]  Expansion
Comparison[0.0751]  EntRel[0.2207]  Expansion[0.4729]  NoRel[0.0017]  Temporal[0.0433]  Contingency[0.1864]  Expansion
Comparison[0.0690]  EntRel[0.1582]  Expansion[0.4392]  NoRel[0.0008]  Temporal[0.2223]  Contingency[0.1105]  Expansion
Comparison[0.1050]  EntRel[0.2335]  Expansion[0.4258]  NoRel[0.0098]  Temporal[0.0560]  Contingency[0.1698]  Expansion
Comparison[0.1439]  EntRel[0.1005]  Expansion[0.3250]  NoRel[0.0010]  Temporal[0.0216]  Contingency[0.4079]  Contingency
Comparison[0.1024]  EntRel[0.1537]  Expansion[0.3443]  NoRel[0.0027]  Temporal[0.0810]  Contingency[0.3159]  Expansion
Comparison[0.1185]  EntRel[0.1134]  Expansion[0.5803]  NoRel[0.0013]  Temporal[0.0579]  Contingency[0.1287]  Expansion
Comparison[0.1354]  EntRel[0.0544]  Expansion[0.4168]  NoRel[0.0015]  Temporal[0.0099]  Contingency[0.3820]  Expansion
Comparison[0.0832]  EntRel[0.0646]  Expansion[0.4704]  NoRel[0.0002]  Temporal[0.0057]  Contingency[0.3760]  Expansion
Comparison[0.1042]  EntRel[0.1754]  Expansion[0.4252]  NoRel[0.0077]  Temporal[0.0294]  Contingency[0.2582]  Expansion
Comparison[0.0925]  EntRel[0.1634]  Expansion[0.5543]  NoRel[0.0031]  Temporal[0.0429]  Contingency[0.1439]  Expansion
Comparison[0.1239]  EntRel[0.4101]  Expansion[0.2344]  NoRel[0.0063]  Temporal[0.1548]  Contingency[0.0704]  EntRel
Comparison[0.1982]  EntRel[0.1597]  Expansion[0.3059]  NoRel[0.0039]  Temporal[0.1101]  Contingency[0.2222]  Expansion
Comparison[0.0609]  EntRel[0.0692]  Expansion[0.6164]  NoRel[0.0035]  Temporal[0.0711]  Contingency[0.1790]  Expansion
Comparison[0.1601]  EntRel[0.0822]  Expansion[0.5059]  NoRel[0.0015]  Temporal[0.1043]  Contingency[0.1460]  Expansion
Comparison[0.1458]  EntRel[0.1569]  Expansion[0.4771]  NoRel[0.0021]  Temporal[0.0248]  Contingency[0.1933]  Expansion
Comparison[0.0845]  EntRel[0.2001]  Expansion[0.2837]  NoRel[0.0013]  Temporal[0.3068]  Contingency[0.1236]  Temporal
Comparison[0.0643]  EntRel[0.2477]  Expansion[0.3621]  NoRel[0.0206]  Temporal[0.1233]  Contingency[0.1821]  Expansion
Comparison[0.1186]  EntRel[0.2733]  Expansion[0.3089]  NoRel[0.0083]  Temporal[0.0828]  Contingency[0.2082]  Expansion
Comparison[0.0719]  EntRel[0.2082]  Expansion[0.4542]  NoRel[0.0109]  Temporal[0.0501]  Contingency[0.2048]  Expansion
Comparison[0.1015]  EntRel[0.1486]  Expansion[0.4142]  NoRel[0.0055]  Temporal[0.2167]  Contingency[0.1136]  Expansion
Comparison[0.0437]  EntRel[0.2069]  Expansion[0.5589]  NoRel[0.0045]  Temporal[0.0320]  Contingency[0.1540]  Expansion
Comparison[0.1081]  EntRel[0.1408]  Expansion[0.5026]  NoRel[0.0011]  Temporal[0.0909]  Contingency[0.1564]  Expansion
Comparison[0.2212]  EntRel[0.2977]  Expansion[0.2404]  NoRel[0.0038]  Temporal[0.1047]  Contingency[0.1323]  EntRel
Comparison[0.0727]  EntRel[0.2967]  Expansion[0.3078]  NoRel[0.0067]  Temporal[0.1023]  Contingency[0.2138]  Expansion
Comparison[0.0886]  EntRel[0.1661]  Expansion[0.3620]  NoRel[0.0010]  Temporal[0.0182]  Contingency[0.3642]  Contingency
Comparison[0.2376]  EntRel[0.1779]  Expansion[0.3464]  NoRel[0.0085]  Temporal[0.0314]  Contingency[0.1982]  Expansion
Comparison[0.0985]  EntRel[0.3450]  Expansion[0.3265]  NoRel[0.0142]  Temporal[0.0182]  Contingency[0.1977]  EntRel
Comparison[0.0892]  EntRel[0.3654]  Expansion[0.2723]  NoRel[0.0078]  Temporal[0.0276]  Contingency[0.2377]  EntRel
Comparison[0.1073]  EntRel[0.1662]  Expansion[0.5152]  NoRel[0.0032]  Temporal[0.0063]  Contingency[0.2019]  Expansion
Comparison[0.0887]  EntRel[0.2945]  Expansion[0.3723]  NoRel[0.0050]  Temporal[0.0151]  Contingency[0.2245]  Expansion
Comparison[0.0757]  EntRel[0.1333]  Expansion[0.4474]  NoRel[0.0049]  Temporal[0.0170]  Contingency[0.3217]  Expansion
Comparison[0.1129]  EntRel[0.1509]  Expansion[0.6090]  NoRel[0.0009]  Temporal[0.0261]  Contingency[0.1002]  Expansion
Comparison[0.1511]  EntRel[0.1396]  Expansion[0.4829]  NoRel[0.0021]  Temporal[0.0078]  Contingency[0.2164]  Expansion
Comparison[0.0783]  EntRel[0.2796]  Expansion[0.4141]  NoRel[0.0033]  Temporal[0.0445]  Contingency[0.1802]  Expansion
Comparison[0.0914]  EntRel[0.2744]  Expansion[0.4418]  NoRel[0.0066]  Temporal[0.0243]  Contingency[0.1615]  Expansion
Comparison[0.1287]  EntRel[0.1426]  Expansion[0.4434]  NoRel[0.0022]  Temporal[0.0069]  Contingency[0.2761]  Expansion
Comparison[0.0574]  EntRel[0.2062]  Expansion[0.4900]  NoRel[0.0073]  Temporal[0.0273]  Contingency[0.2118]  Expansion
Comparison[0.2036]  EntRel[0.1832]  Expansion[0.2479]  NoRel[0.0048]  Temporal[0.0318]  Contingency[0.3287]  Contingency
Comparison[0.0553]  EntRel[0.1264]  Expansion[0.5705]  NoRel[0.0076]  Temporal[0.0149]  Contingency[0.2253]  Expansion
Comparison[0.1154]  EntRel[0.1078]  Expansion[0.4463]  NoRel[0.0002]  Temporal[0.0050]  Contingency[0.3253]  Expansion
Comparison[0.1278]  EntRel[0.2022]  Expansion[0.4897]  NoRel[0.0007]  Temporal[0.0160]  Contingency[0.1635]  Expansion
Comparison[0.0886]  EntRel[0.1635]  Expansion[0.4149]  NoRel[0.0120]  Temporal[0.1537]  Contingency[0.1672]  Expansion
Comparison[0.0546]  EntRel[0.2305]  Expansion[0.4390]  NoRel[0.0020]  Temporal[0.0402]  Contingency[0.2336]  Expansion
Comparison[0.1654]  EntRel[0.2441]  Expansion[0.3581]  NoRel[0.0041]  Temporal[0.0849]  Contingency[0.1435]  Expansion
Comparison[0.1479]  EntRel[0.2057]  Expansion[0.3685]  NoRel[0.0054]  Temporal[0.0229]  Contingency[0.2496]  Expansion
Comparison[0.0737]  EntRel[0.1380]  Expansion[0.4514]  NoRel[0.0043]  Temporal[0.0111]  Contingency[0.3215]  Expansion
Comparison[0.0922]  EntRel[0.2867]  Expansion[0.3429]  NoRel[0.0066]  Temporal[0.0216]  Contingency[0.2501]  Expansion
Comparison[0.0712]  EntRel[0.2181]  Expansion[0.4790]  NoRel[0.0064]  Temporal[0.0315]  Contingency[0.1939]  Expansion
Comparison[0.0820]  EntRel[0.2469]  Expansion[0.4301]  NoRel[0.0030]  Temporal[0.0401]  Contingency[0.1980]  Expansion
Comparison[0.0845]  EntRel[0.3085]  Expansion[0.2354]  NoRel[0.0172]  Temporal[0.2754]  Contingency[0.0789]  EntRel
Comparison[0.1092]  EntRel[0.4178]  Expansion[0.2324]  NoRel[0.0374]  Temporal[0.0790]  Contingency[0.1241]  EntRel
Comparison[0.1017]  EntRel[0.2247]  Expansion[0.3720]  NoRel[0.0104]  Temporal[0.1290]  Contingency[0.1623]  Expansion
Comparison[0.0782]  EntRel[0.2079]  Expansion[0.5397]  NoRel[0.0088]  Temporal[0.0938]  Contingency[0.0716]  Expansion
Comparison[0.1062]  EntRel[0.2721]  Expansion[0.3349]  NoRel[0.0358]  Temporal[0.1212]  Contingency[0.1297]  Expansion
Comparison[0.0811]  EntRel[0.2449]  Expansion[0.4001]  NoRel[0.0297]  Temporal[0.1407]  Contingency[0.1035]  Expansion
Comparison[0.1294]  EntRel[0.1994]  Expansion[0.4767]  NoRel[0.0184]  Temporal[0.1050]  Contingency[0.0711]  Expansion
Comparison[0.1543]  EntRel[0.2053]  Expansion[0.4706]  NoRel[0.0216]  Temporal[0.0876]  Contingency[0.0606]  Expansion
Comparison[0.0551]  EntRel[0.2223]  Expansion[0.4509]  NoRel[0.0275]  Temporal[0.0904]  Contingency[0.1538]  Expansion
Comparison[0.0477]  EntRel[0.3438]  Expansion[0.4565]  NoRel[0.0296]  Temporal[0.1061]  Contingency[0.0163]  Expansion
Comparison[0.1257]  EntRel[0.3739]  Expansion[0.3246]  NoRel[0.0234]  Temporal[0.1075]  Contingency[0.0448]  EntRel
Comparison[0.0923]  EntRel[0.2104]  Expansion[0.4367]  NoRel[0.0211]  Temporal[0.1456]  Contingency[0.0938]  Expansion
Comparison[0.0557]  EntRel[0.2335]  Expansion[0.3031]  NoRel[0.0216]  Temporal[0.2613]  Contingency[0.1247]  Expansion
Comparison[0.1584]  EntRel[0.3112]  Expansion[0.2630]  NoRel[0.0214]  Temporal[0.1383]  Contingency[0.1077]  EntRel
Comparison[0.0787]  EntRel[0.2284]  Expansion[0.4835]  NoRel[0.0271]  Temporal[0.0688]  Contingency[0.1134]  Expansion
Comparison[0.1174]  EntRel[0.2721]  Expansion[0.2978]  NoRel[0.0140]  Temporal[0.1566]  Contingency[0.1421]  Expansion
Comparison[0.1146]  EntRel[0.2450]  Expansion[0.3558]  NoRel[0.0067]  Temporal[0.1181]  Contingency[0.1598]  Expansion
Comparison[0.0778]  EntRel[0.4048]  Expansion[0.2469]  NoRel[0.0345]  Temporal[0.1130]  Contingency[0.1230]  EntRel
Comparison[0.1025]  EntRel[0.2590]  Expansion[0.3857]  NoRel[0.0486]  Temporal[0.1184]  Contingency[0.0858]  Expansion
Comparison[0.1038]  EntRel[0.2455]  Expansion[0.2644]  NoRel[0.0212]  Temporal[0.2053]  Contingency[0.1598]  Expansion
Comparison[0.1207]  EntRel[0.2736]  Expansion[0.3337]  NoRel[0.0289]  Temporal[0.0898]  Contingency[0.1532]  Expansion
Comparison[0.0718]  EntRel[0.2681]  Expansion[0.3938]  NoRel[0.0554]  Temporal[0.0674]  Contingency[0.1435]  Expansion
Comparison[0.0834]  EntRel[0.2354]  Expansion[0.4254]  NoRel[0.0162]  Temporal[0.0272]  Contingency[0.2125]  Expansion
Comparison[0.1175]  EntRel[0.3274]  Expansion[0.3042]  NoRel[0.0396]  Temporal[0.0936]  Contingency[0.1176]  EntRel
Comparison[0.1221]  EntRel[0.2835]  Expansion[0.3228]  NoRel[0.0173]  Temporal[0.0947]  Contingency[0.1597]  Expansion
Comparison[0.1108]  EntRel[0.2222]  Expansion[0.3865]  NoRel[0.0072]  Temporal[0.1044]  Contingency[0.1689]  Expansion
Comparison[0.0418]  EntRel[0.2857]  Expansion[0.3252]  NoRel[0.0111]  Temporal[0.0457]  Contingency[0.2905]  Expansion
Comparison[0.2778]  EntRel[0.1799]  Expansion[0.2974]  NoRel[0.0217]  Temporal[0.0897]  Contingency[0.1336]  Expansion
Comparison[0.1400]  EntRel[0.2022]  Expansion[0.2478]  NoRel[0.0986]  Temporal[0.1356]  Contingency[0.1758]  Expansion
Comparison[0.0756]  EntRel[0.2014]  Expansion[0.3993]  NoRel[0.0688]  Temporal[0.0706]  Contingency[0.1843]  Expansion
Comparison[0.0698]  EntRel[0.2567]  Expansion[0.4283]  NoRel[0.0228]  Temporal[0.1208]  Contingency[0.1016]  Expansion
Comparison[0.0645]  EntRel[0.3100]  Expansion[0.4081]  NoRel[0.0092]  Temporal[0.0728]  Contingency[0.1354]  Expansion
Comparison[0.1025]  EntRel[0.2590]  Expansion[0.4500]  NoRel[0.0065]  Temporal[0.1247]  Contingency[0.0572]  Expansion
Comparison[0.2738]  EntRel[0.1982]  Expansion[0.2452]  NoRel[0.0355]  Temporal[0.1354]  Contingency[0.1120]  Comparison
Comparison[0.1621]  EntRel[0.1984]  Expansion[0.2073]  NoRel[0.1046]  Temporal[0.1552]  Contingency[0.1724]  Expansion
Comparison[0.1217]  EntRel[0.4278]  Expansion[0.2496]  NoRel[0.0387]  Temporal[0.1069]  Contingency[0.0553]  EntRel
Comparison[0.1234]  EntRel[0.3821]  Expansion[0.3405]  NoRel[0.0101]  Temporal[0.0839]  Contingency[0.0599]  EntRel
Comparison[0.0501]  EntRel[0.3923]  Expansion[0.2413]  NoRel[0.0217]  Temporal[0.0894]  Contingency[0.2051]  EntRel
Comparison[0.2484]  EntRel[0.2511]  Expansion[0.2046]  NoRel[0.0464]  Temporal[0.1147]  Contingency[0.1348]  EntRel
Comparison[0.0911]  EntRel[0.4565]  Expansion[0.2772]  NoRel[0.0209]  Temporal[0.0815]  Contingency[0.0728]  EntRel
Comparison[0.0974]  EntRel[0.3938]  Expansion[0.2056]  NoRel[0.0203]  Temporal[0.0633]  Contingency[0.2197]  EntRel
Comparison[0.0878]  EntRel[0.2374]  Expansion[0.4623]  NoRel[0.0197]  Temporal[0.0434]  Contingency[0.1494]  Expansion
Comparison[0.1211]  EntRel[0.0790]  Expansion[0.3745]  NoRel[0.0006]  Temporal[0.0199]  Contingency[0.4049]  Contingency
Comparison[0.1394]  EntRel[0.3046]  Expansion[0.2518]  NoRel[0.0054]  Temporal[0.0712]  Contingency[0.2277]  EntRel
