Comparison[0.0760]  EntRel[0.3220]  Expansion[0.3917]  NoRel[0.0107]  Temporal[0.0251]  Contingency[0.1746]  Expansion
Comparison[0.1179]  EntRel[0.2117]  Expansion[0.3447]  NoRel[0.0046]  Temporal[0.0619]  Contingency[0.2593]  Expansion
Comparison[0.0670]  EntRel[0.2444]  Expansion[0.3129]  NoRel[0.0023]  Temporal[0.1438]  Contingency[0.2295]  Expansion
Comparison[0.0764]  EntRel[0.2374]  Expansion[0.4410]  NoRel[0.0399]  Temporal[0.0878]  Contingency[0.1174]  Expansion
Comparison[0.1665]  EntRel[0.2756]  Expansion[0.3547]  NoRel[0.0104]  Temporal[0.0427]  Contingency[0.1500]  Expansion
Comparison[0.1218]  EntRel[0.1909]  Expansion[0.2587]  NoRel[0.0428]  Temporal[0.2393]  Contingency[0.1464]  Expansion
Comparison[0.0832]  EntRel[0.0879]  Expansion[0.5513]  NoRel[0.0015]  Temporal[0.0182]  Contingency[0.2579]  Expansion
Comparison[0.1093]  EntRel[0.2225]  Expansion[0.3946]  NoRel[0.0151]  Temporal[0.0245]  Contingency[0.2341]  Expansion
Comparison[0.0563]  EntRel[0.4014]  Expansion[0.3593]  NoRel[0.0315]  Temporal[0.0158]  Contingency[0.1357]  EntRel
Comparison[0.0895]  EntRel[0.3483]  Expansion[0.3974]  NoRel[0.0078]  Temporal[0.0128]  Contingency[0.1441]  Expansion
Comparison[0.0533]  EntRel[0.2488]  Expansion[0.4794]  NoRel[0.0101]  Temporal[0.0109]  Contingency[0.1975]  Expansion
Comparison[0.0915]  EntRel[0.3540]  Expansion[0.3039]  NoRel[0.0076]  Temporal[0.0081]  Contingency[0.2350]  EntRel
Comparison[0.0934]  EntRel[0.2023]  Expansion[0.2847]  NoRel[0.0092]  Temporal[0.0758]  Contingency[0.3345]  Contingency
Comparison[0.0888]  EntRel[0.2254]  Expansion[0.4136]  NoRel[0.0131]  Temporal[0.0454]  Contingency[0.2138]  Expansion
Comparison[0.0888]  EntRel[0.1815]  Expansion[0.3935]  NoRel[0.0215]  Temporal[0.1809]  Contingency[0.1338]  Expansion
Comparison[0.0960]  EntRel[0.3520]  Expansion[0.3432]  NoRel[0.0263]  Temporal[0.0863]  Contingency[0.0961]  EntRel
Comparison[0.1708]  EntRel[0.2018]  Expansion[0.5262]  NoRel[0.0060]  Temporal[0.0502]  Contingency[0.0450]  Expansion
Comparison[0.0431]  EntRel[0.3718]  Expansion[0.5000]  NoRel[0.0082]  Temporal[0.0469]  Contingency[0.0300]  Expansion
Comparison[0.0871]  EntRel[0.3059]  Expansion[0.4082]  NoRel[0.0137]  Temporal[0.0881]  Contingency[0.0969]  Expansion
Comparison[0.1389]  EntRel[0.2011]  Expansion[0.2950]  NoRel[0.0236]  Temporal[0.1704]  Contingency[0.1710]  Expansion
Comparison[0.1112]  EntRel[0.2533]  Expansion[0.3728]  NoRel[0.0157]  Temporal[0.1158]  Contingency[0.1314]  Expansion
Comparison[0.0500]  EntRel[0.3329]  Expansion[0.4614]  NoRel[0.0060]  Temporal[0.0757]  Contingency[0.0741]  Expansion
Comparison[0.0531]  EntRel[0.4632]  Expansion[0.3729]  NoRel[0.0025]  Temporal[0.0848]  Contingency[0.0234]  EntRel
Comparison[0.0624]  EntRel[0.4094]  Expansion[0.3399]  NoRel[0.0081]  Temporal[0.1149]  Contingency[0.0654]  EntRel
Comparison[0.0764]  EntRel[0.2592]  Expansion[0.4816]  NoRel[0.0068]  Temporal[0.0854]  Contingency[0.0906]  Expansion
Comparison[0.0977]  EntRel[0.2350]  Expansion[0.4254]  NoRel[0.0208]  Temporal[0.1051]  Contingency[0.1161]  Expansion
Comparison[0.0638]  EntRel[0.3115]  Expansion[0.3523]  NoRel[0.0223]  Temporal[0.1221]  Contingency[0.1279]  Expansion
Comparison[0.1264]  EntRel[0.1759]  Expansion[0.4134]  NoRel[0.0146]  Temporal[0.1362]  Contingency[0.1335]  Expansion
Comparison[0.0626]  EntRel[0.2268]  Expansion[0.4265]  NoRel[0.0242]  Temporal[0.1352]  Contingency[0.1247]  Expansion
Comparison[0.0642]  EntRel[0.1874]  Expansion[0.5457]  NoRel[0.0074]  Temporal[0.0698]  Contingency[0.1255]  Expansion
Comparison[0.0530]  EntRel[0.3573]  Expansion[0.4709]  NoRel[0.0032]  Temporal[0.0571]  Contingency[0.0585]  Expansion
Comparison[0.1172]  EntRel[0.2984]  Expansion[0.2929]  NoRel[0.0127]  Temporal[0.1059]  Contingency[0.1729]  EntRel
Comparison[0.1157]  EntRel[0.1462]  Expansion[0.3565]  NoRel[0.0033]  Temporal[0.3455]  Contingency[0.0329]  Expansion
Comparison[0.1797]  EntRel[0.1809]  Expansion[0.4984]  NoRel[0.0177]  Temporal[0.0757]  Contingency[0.0476]  Expansion
Comparison[0.1395]  EntRel[0.2601]  Expansion[0.4560]  NoRel[0.0188]  Temporal[0.0492]  Contingency[0.0764]  Expansion
Comparison[0.1390]  EntRel[0.2659]  Expansion[0.3267]  NoRel[0.0153]  Temporal[0.1135]  Contingency[0.1396]  Expansion
Comparison[0.0579]  EntRel[0.3252]  Expansion[0.3718]  NoRel[0.0026]  Temporal[0.1181]  Contingency[0.1244]  Expansion
Comparison[0.1388]  EntRel[0.2209]  Expansion[0.3098]  NoRel[0.0322]  Temporal[0.0919]  Contingency[0.2064]  Expansion
Comparison[0.0950]  EntRel[0.1443]  Expansion[0.3922]  NoRel[0.0117]  Temporal[0.2816]  Contingency[0.0752]  Expansion
Comparison[0.1176]  EntRel[0.2282]  Expansion[0.3690]  NoRel[0.0171]  Temporal[0.0562]  Contingency[0.2118]  Expansion
Comparison[0.1000]  EntRel[0.2063]  Expansion[0.3370]  NoRel[0.0026]  Temporal[0.0778]  Contingency[0.2763]  Expansion
Comparison[0.0939]  EntRel[0.2724]  Expansion[0.3229]  NoRel[0.0149]  Temporal[0.1369]  Contingency[0.1590]  Expansion
Comparison[0.1016]  EntRel[0.1897]  Expansion[0.5248]  NoRel[0.0095]  Temporal[0.0872]  Contingency[0.0874]  Expansion
Comparison[0.0833]  EntRel[0.1496]  Expansion[0.6026]  NoRel[0.0081]  Temporal[0.0385]  Contingency[0.1179]  Expansion
Comparison[0.1010]  EntRel[0.2045]  Expansion[0.4817]  NoRel[0.0019]  Temporal[0.0201]  Contingency[0.1908]  Expansion
Comparison[0.1169]  EntRel[0.1759]  Expansion[0.3136]  NoRel[0.0016]  Temporal[0.0469]  Contingency[0.3450]  Contingency
Comparison[0.0679]  EntRel[0.1966]  Expansion[0.4030]  NoRel[0.0179]  Temporal[0.0422]  Contingency[0.2723]  Expansion
Comparison[0.0801]  EntRel[0.4121]  Expansion[0.3442]  NoRel[0.0171]  Temporal[0.0729]  Contingency[0.0736]  EntRel
Comparison[0.0843]  EntRel[0.2252]  Expansion[0.5172]  NoRel[0.0026]  Temporal[0.0739]  Contingency[0.0970]  Expansion
Comparison[0.0815]  EntRel[0.1946]  Expansion[0.4680]  NoRel[0.0085]  Temporal[0.0155]  Contingency[0.2319]  Expansion
Comparison[0.0775]  EntRel[0.2147]  Expansion[0.5118]  NoRel[0.0046]  Temporal[0.0469]  Contingency[0.1446]  Expansion
Comparison[0.1709]  EntRel[0.2751]  Expansion[0.3126]  NoRel[0.0157]  Temporal[0.0504]  Contingency[0.1754]  Expansion
Comparison[0.1481]  EntRel[0.1256]  Expansion[0.4044]  NoRel[0.0137]  Temporal[0.0644]  Contingency[0.2437]  Expansion
Comparison[0.1073]  EntRel[0.1981]  Expansion[0.3397]  NoRel[0.0225]  Temporal[0.1186]  Contingency[0.2138]  Expansion
Comparison[0.0789]  EntRel[0.2675]  Expansion[0.3811]  NoRel[0.0338]  Temporal[0.0767]  Contingency[0.1620]  Expansion
Comparison[0.1317]  EntRel[0.1112]  Expansion[0.4902]  NoRel[0.0035]  Temporal[0.0031]  Contingency[0.2603]  Expansion
Comparison[0.1178]  EntRel[0.3178]  Expansion[0.2585]  NoRel[0.0102]  Temporal[0.0846]  Contingency[0.2111]  EntRel
Comparison[0.1827]  EntRel[0.2130]  Expansion[0.3318]  NoRel[0.0317]  Temporal[0.0393]  Contingency[0.2015]  Expansion
Comparison[0.0911]  EntRel[0.3124]  Expansion[0.2827]  NoRel[0.0432]  Temporal[0.0518]  Contingency[0.2188]  EntRel
Comparison[0.0835]  EntRel[0.2646]  Expansion[0.4177]  NoRel[0.0470]  Temporal[0.0493]  Contingency[0.1379]  Expansion
Comparison[0.1042]  EntRel[0.3026]  Expansion[0.3554]  NoRel[0.0310]  Temporal[0.0549]  Contingency[0.1520]  Expansion
Comparison[0.1258]  EntRel[0.1866]  Expansion[0.4688]  NoRel[0.0152]  Temporal[0.0431]  Contingency[0.1605]  Expansion
Comparison[0.0809]  EntRel[0.3639]  Expansion[0.3057]  NoRel[0.0276]  Temporal[0.0564]  Contingency[0.1654]  EntRel
Comparison[0.1072]  EntRel[0.1657]  Expansion[0.4782]  NoRel[0.0018]  Temporal[0.0109]  Contingency[0.2363]  Expansion
Comparison[0.1224]  EntRel[0.2396]  Expansion[0.4005]  NoRel[0.0334]  Temporal[0.0245]  Contingency[0.1797]  Expansion
Comparison[0.0698]  EntRel[0.1754]  Expansion[0.5707]  NoRel[0.0161]  Temporal[0.0153]  Contingency[0.1528]  Expansion
Comparison[0.0831]  EntRel[0.2687]  Expansion[0.3815]  NoRel[0.0074]  Temporal[0.0311]  Contingency[0.2281]  Expansion
Comparison[0.1360]  EntRel[0.1928]  Expansion[0.4708]  NoRel[0.0018]  Temporal[0.0224]  Contingency[0.1761]  Expansion
Comparison[0.1056]  EntRel[0.2717]  Expansion[0.3445]  NoRel[0.0232]  Temporal[0.0827]  Contingency[0.1723]  Expansion
Comparison[0.2316]  EntRel[0.1403]  Expansion[0.2895]  NoRel[0.0115]  Temporal[0.1493]  Contingency[0.1778]  Expansion
Comparison[0.1169]  EntRel[0.4204]  Expansion[0.1983]  NoRel[0.0352]  Temporal[0.1189]  Contingency[0.1102]  EntRel
Comparison[0.1612]  EntRel[0.3431]  Expansion[0.2414]  NoRel[0.0307]  Temporal[0.1357]  Contingency[0.0879]  EntRel
Comparison[0.1311]  EntRel[0.2658]  Expansion[0.3154]  NoRel[0.0515]  Temporal[0.0589]  Contingency[0.1773]  Expansion
Comparison[0.1674]  EntRel[0.2653]  Expansion[0.1978]  NoRel[0.0653]  Temporal[0.1541]  Contingency[0.1501]  EntRel
Comparison[0.1282]  EntRel[0.1799]  Expansion[0.3270]  NoRel[0.0822]  Temporal[0.1134]  Contingency[0.1693]  Expansion
Comparison[0.1720]  EntRel[0.2210]  Expansion[0.1717]  NoRel[0.0837]  Temporal[0.2086]  Contingency[0.1430]  EntRel
Comparison[0.1476]  EntRel[0.1959]  Expansion[0.2417]  NoRel[0.0968]  Temporal[0.1297]  Contingency[0.1883]  Expansion
Comparison[0.1287]  EntRel[0.2556]  Expansion[0.3763]  NoRel[0.0329]  Temporal[0.0572]  Contingency[0.1493]  Expansion
Comparison[0.1202]  EntRel[0.2351]  Expansion[0.3777]  NoRel[0.0189]  Temporal[0.0654]  Contingency[0.1826]  Expansion
Comparison[0.0827]  EntRel[0.2923]  Expansion[0.4336]  NoRel[0.0235]  Temporal[0.0416]  Contingency[0.1263]  Expansion
