Comparison[0.0833]  EntRel[0.2946]  Expansion[0.4344]  NoRel[0.0035]  Temporal[0.0566]  Contingency[0.1276]  Expansion
Comparison[0.0536]  EntRel[0.3637]  Expansion[0.3233]  NoRel[0.0054]  Temporal[0.1152]  Contingency[0.1388]  EntRel
Comparison[0.0642]  EntRel[0.2757]  Expansion[0.4313]  NoRel[0.0134]  Temporal[0.0390]  Contingency[0.1764]  Expansion
Comparison[0.0779]  EntRel[0.2867]  Expansion[0.3757]  NoRel[0.0036]  Temporal[0.0840]  Contingency[0.1722]  Expansion
Comparison[0.0911]  EntRel[0.1952]  Expansion[0.3311]  NoRel[0.0073]  Temporal[0.1619]  Contingency[0.2132]  Expansion
Comparison[0.0714]  EntRel[0.3524]  Expansion[0.2881]  NoRel[0.0175]  Temporal[0.0273]  Contingency[0.2432]  EntRel
Comparison[0.1205]  EntRel[0.2620]  Expansion[0.4812]  NoRel[0.0033]  Temporal[0.0286]  Contingency[0.1045]  Expansion
Comparison[0.2067]  EntRel[0.2586]  Expansion[0.2935]  NoRel[0.0144]  Temporal[0.0353]  Contingency[0.1915]  Expansion
Comparison[0.0644]  EntRel[0.1775]  Expansion[0.5347]  NoRel[0.0145]  Temporal[0.0112]  Contingency[0.1977]  Expansion
Comparison[0.1024]  EntRel[0.3328]  Expansion[0.2741]  NoRel[0.0134]  Temporal[0.0974]  Contingency[0.1800]  EntRel
Comparison[0.1109]  EntRel[0.3486]  Expansion[0.2440]  NoRel[0.0264]  Temporal[0.1151]  Contingency[0.1549]  EntRel
Comparison[0.0476]  EntRel[0.3268]  Expansion[0.3933]  NoRel[0.0006]  Temporal[0.1285]  Contingency[0.1032]  Expansion
Comparison[0.0999]  EntRel[0.2899]  Expansion[0.2970]  NoRel[0.0036]  Temporal[0.1596]  Contingency[0.1501]  Expansion
Comparison[0.0873]  EntRel[0.2075]  Expansion[0.3504]  NoRel[0.0114]  Temporal[0.1407]  Contingency[0.2027]  Expansion
Comparison[0.0976]  EntRel[0.1340]  Expansion[0.4212]  NoRel[0.0084]  Temporal[0.0494]  Contingency[0.2894]  Expansion
Comparison[0.1183]  EntRel[0.1885]  Expansion[0.3031]  NoRel[0.0067]  Temporal[0.1151]  Contingency[0.2683]  Expansion
Comparison[0.1207]  EntRel[0.1840]  Expansion[0.2808]  NoRel[0.0197]  Temporal[0.2225]  Contingency[0.1722]  Expansion
Comparison[0.0700]  EntRel[0.3027]  Expansion[0.3157]  NoRel[0.0222]  Temporal[0.1522]  Contingency[0.1371]  Expansion
Comparison[0.1844]  EntRel[0.2409]  Expansion[0.4270]  NoRel[0.0008]  Temporal[0.0523]  Contingency[0.0945]  Expansion
Comparison[0.0779]  EntRel[0.3031]  Expansion[0.3020]  NoRel[0.0155]  Temporal[0.0637]  Contingency[0.2378]  EntRel
Comparison[0.0656]  EntRel[0.3061]  Expansion[0.4296]  NoRel[0.0054]  Temporal[0.0712]  Contingency[0.1222]  Expansion
Comparison[0.0561]  EntRel[0.3286]  Expansion[0.3051]  NoRel[0.0137]  Temporal[0.0332]  Contingency[0.2633]  EntRel
Comparison[0.0512]  EntRel[0.3855]  Expansion[0.2690]  NoRel[0.0079]  Temporal[0.0166]  Contingency[0.2699]  EntRel
Comparison[0.1022]  EntRel[0.2280]  Expansion[0.3882]  NoRel[0.0061]  Temporal[0.0396]  Contingency[0.2359]  Expansion
Comparison[0.1182]  EntRel[0.1593]  Expansion[0.4897]  NoRel[0.0010]  Temporal[0.0305]  Contingency[0.2014]  Expansion
Comparison[0.1059]  EntRel[0.2214]  Expansion[0.4634]  NoRel[0.0123]  Temporal[0.0457]  Contingency[0.1514]  Expansion
Comparison[0.0924]  EntRel[0.1529]  Expansion[0.5371]  NoRel[0.0026]  Temporal[0.0062]  Contingency[0.2087]  Expansion
Comparison[0.0784]  EntRel[0.2338]  Expansion[0.3237]  NoRel[0.0063]  Temporal[0.0747]  Contingency[0.2831]  Expansion
Comparison[0.0522]  EntRel[0.2849]  Expansion[0.4064]  NoRel[0.0296]  Temporal[0.0908]  Contingency[0.1361]  Expansion
Comparison[0.1072]  EntRel[0.2799]  Expansion[0.3664]  NoRel[0.0078]  Temporal[0.1284]  Contingency[0.1103]  Expansion
Comparison[0.0488]  EntRel[0.3945]  Expansion[0.3517]  NoRel[0.0031]  Temporal[0.0514]  Contingency[0.1504]  EntRel
Comparison[0.1313]  EntRel[0.2317]  Expansion[0.3960]  NoRel[0.0073]  Temporal[0.0907]  Contingency[0.1430]  Expansion
Comparison[0.0801]  EntRel[0.0709]  Expansion[0.7207]  NoRel[0.0007]  Temporal[0.0074]  Contingency[0.1202]  Expansion
Comparison[0.0955]  EntRel[0.3493]  Expansion[0.3384]  NoRel[0.0235]  Temporal[0.0272]  Contingency[0.1662]  EntRel
Comparison[0.0957]  EntRel[0.0938]  Expansion[0.3539]  NoRel[0.0007]  Temporal[0.0102]  Contingency[0.4457]  Contingency
Comparison[0.0844]  EntRel[0.0898]  Expansion[0.5118]  NoRel[0.0022]  Temporal[0.0171]  Contingency[0.2947]  Expansion
Comparison[0.1604]  EntRel[0.0992]  Expansion[0.4129]  NoRel[0.0033]  Temporal[0.0160]  Contingency[0.3081]  Expansion
Comparison[0.1594]  EntRel[0.1473]  Expansion[0.3419]  NoRel[0.0060]  Temporal[0.0261]  Contingency[0.3194]  Expansion
Comparison[0.1144]  EntRel[0.1724]  Expansion[0.3979]  NoRel[0.0114]  Temporal[0.0319]  Contingency[0.2721]  Expansion
Comparison[0.2463]  EntRel[0.2425]  Expansion[0.2704]  NoRel[0.0071]  Temporal[0.1853]  Contingency[0.0485]  Expansion
Comparison[0.0633]  EntRel[0.3650]  Expansion[0.2814]  NoRel[0.0086]  Temporal[0.1563]  Contingency[0.1254]  EntRel
Comparison[0.0759]  EntRel[0.3373]  Expansion[0.3475]  NoRel[0.0098]  Temporal[0.0785]  Contingency[0.1510]  Expansion
Comparison[0.0594]  EntRel[0.2515]  Expansion[0.4000]  NoRel[0.0165]  Temporal[0.0892]  Contingency[0.1834]  Expansion
Comparison[0.1046]  EntRel[0.2540]  Expansion[0.4037]  NoRel[0.0225]  Temporal[0.0914]  Contingency[0.1237]  Expansion
Comparison[0.0670]  EntRel[0.2912]  Expansion[0.4422]  NoRel[0.0139]  Temporal[0.0632]  Contingency[0.1225]  Expansion
Comparison[0.0741]  EntRel[0.3186]  Expansion[0.3578]  NoRel[0.0091]  Temporal[0.0721]  Contingency[0.1683]  Expansion
Comparison[0.0465]  EntRel[0.2791]  Expansion[0.5168]  NoRel[0.0091]  Temporal[0.0846]  Contingency[0.0639]  Expansion
Comparison[0.0922]  EntRel[0.4493]  Expansion[0.2653]  NoRel[0.0042]  Temporal[0.1555]  Contingency[0.0335]  EntRel
Comparison[0.1560]  EntRel[0.1688]  Expansion[0.4469]  NoRel[0.0043]  Temporal[0.0989]  Contingency[0.1251]  Expansion
Comparison[0.1356]  EntRel[0.3801]  Expansion[0.2626]  NoRel[0.0243]  Temporal[0.0935]  Contingency[0.1040]  EntRel
Comparison[0.1585]  EntRel[0.2959]  Expansion[0.3834]  NoRel[0.0048]  Temporal[0.0898]  Contingency[0.0675]  Expansion
Comparison[0.2074]  EntRel[0.1898]  Expansion[0.3388]  NoRel[0.0226]  Temporal[0.0798]  Contingency[0.1616]  Expansion
Comparison[0.1034]  EntRel[0.3460]  Expansion[0.2742]  NoRel[0.0216]  Temporal[0.1150]  Contingency[0.1398]  EntRel
Comparison[0.0662]  EntRel[0.2492]  Expansion[0.3575]  NoRel[0.0106]  Temporal[0.1418]  Contingency[0.1746]  Expansion
Comparison[0.0482]  EntRel[0.2324]  Expansion[0.2664]  NoRel[0.0042]  Temporal[0.3278]  Contingency[0.1209]  Temporal
Comparison[0.0886]  EntRel[0.3623]  Expansion[0.2681]  NoRel[0.0181]  Temporal[0.1092]  Contingency[0.1537]  EntRel
Comparison[0.1315]  EntRel[0.2119]  Expansion[0.3383]  NoRel[0.0132]  Temporal[0.1474]  Contingency[0.1578]  Expansion
Comparison[0.0642]  EntRel[0.1764]  Expansion[0.4823]  NoRel[0.0239]  Temporal[0.1313]  Contingency[0.1218]  Expansion
Comparison[0.1965]  EntRel[0.2355]  Expansion[0.4220]  NoRel[0.0007]  Temporal[0.0705]  Contingency[0.0748]  Expansion
Comparison[0.1004]  EntRel[0.2133]  Expansion[0.4597]  NoRel[0.0354]  Temporal[0.0864]  Contingency[0.1048]  Expansion
Comparison[0.0907]  EntRel[0.2633]  Expansion[0.4346]  NoRel[0.0041]  Temporal[0.0685]  Contingency[0.1389]  Expansion
Comparison[0.0845]  EntRel[0.2865]  Expansion[0.4906]  NoRel[0.0014]  Temporal[0.0600]  Contingency[0.0771]  Expansion
Comparison[0.1842]  EntRel[0.1355]  Expansion[0.5442]  NoRel[0.0044]  Temporal[0.0905]  Contingency[0.0412]  Expansion
Comparison[0.1110]  EntRel[0.2203]  Expansion[0.3898]  NoRel[0.0231]  Temporal[0.1450]  Contingency[0.1107]  Expansion
Comparison[0.0580]  EntRel[0.3117]  Expansion[0.3722]  NoRel[0.0182]  Temporal[0.1151]  Contingency[0.1248]  Expansion
Comparison[0.0678]  EntRel[0.2337]  Expansion[0.4503]  NoRel[0.0175]  Temporal[0.1294]  Contingency[0.1014]  Expansion
Comparison[0.0814]  EntRel[0.2120]  Expansion[0.4944]  NoRel[0.0186]  Temporal[0.1340]  Contingency[0.0596]  Expansion
Comparison[0.1059]  EntRel[0.2461]  Expansion[0.3571]  NoRel[0.0100]  Temporal[0.1509]  Contingency[0.1300]  Expansion
Comparison[0.0869]  EntRel[0.3622]  Expansion[0.3352]  NoRel[0.0086]  Temporal[0.0794]  Contingency[0.1278]  EntRel
Comparison[0.1031]  EntRel[0.3426]  Expansion[0.3754]  NoRel[0.0179]  Temporal[0.1018]  Contingency[0.0592]  Expansion
Comparison[0.1051]  EntRel[0.2350]  Expansion[0.4017]  NoRel[0.0122]  Temporal[0.0871]  Contingency[0.1589]  Expansion
Comparison[0.0640]  EntRel[0.2879]  Expansion[0.4531]  NoRel[0.0109]  Temporal[0.1093]  Contingency[0.0747]  Expansion
Comparison[0.1319]  EntRel[0.2125]  Expansion[0.3638]  NoRel[0.0066]  Temporal[0.2267]  Contingency[0.0585]  Expansion
Comparison[0.1096]  EntRel[0.2638]  Expansion[0.4011]  NoRel[0.0031]  Temporal[0.1280]  Contingency[0.0945]  Expansion
Comparison[0.0736]  EntRel[0.1889]  Expansion[0.5099]  NoRel[0.0044]  Temporal[0.0975]  Contingency[0.1256]  Expansion
Comparison[0.0818]  EntRel[0.2069]  Expansion[0.5193]  NoRel[0.0034]  Temporal[0.1045]  Contingency[0.0841]  Expansion
Comparison[0.1117]  EntRel[0.2070]  Expansion[0.4448]  NoRel[0.0112]  Temporal[0.1619]  Contingency[0.0633]  Expansion
Comparison[0.0316]  EntRel[0.3056]  Expansion[0.5911]  NoRel[0.0068]  Temporal[0.0340]  Contingency[0.0308]  Expansion
Comparison[0.1139]  EntRel[0.4783]  Expansion[0.2867]  NoRel[0.0066]  Temporal[0.0554]  Contingency[0.0590]  EntRel
Comparison[0.0919]  EntRel[0.3424]  Expansion[0.2827]  NoRel[0.0188]  Temporal[0.1339]  Contingency[0.1303]  EntRel
Comparison[0.1048]  EntRel[0.1608]  Expansion[0.4814]  NoRel[0.0051]  Temporal[0.0745]  Contingency[0.1734]  Expansion
Comparison[0.0627]  EntRel[0.4039]  Expansion[0.2600]  NoRel[0.0501]  Temporal[0.1215]  Contingency[0.1019]  EntRel
Comparison[0.0998]  EntRel[0.2126]  Expansion[0.4642]  NoRel[0.0043]  Temporal[0.0661]  Contingency[0.1529]  Expansion
Comparison[0.0861]  EntRel[0.2759]  Expansion[0.3686]  NoRel[0.0196]  Temporal[0.0453]  Contingency[0.2046]  Expansion
Comparison[0.0775]  EntRel[0.3754]  Expansion[0.2816]  NoRel[0.0034]  Temporal[0.1587]  Contingency[0.1034]  EntRel
Comparison[0.0827]  EntRel[0.2712]  Expansion[0.3313]  NoRel[0.0150]  Temporal[0.1090]  Contingency[0.1909]  Expansion
Comparison[0.0750]  EntRel[0.3970]  Expansion[0.3014]  NoRel[0.0155]  Temporal[0.0344]  Contingency[0.1767]  EntRel
Comparison[0.0990]  EntRel[0.2359]  Expansion[0.4102]  NoRel[0.0029]  Temporal[0.0479]  Contingency[0.2041]  Expansion
Comparison[0.0930]  EntRel[0.1667]  Expansion[0.5220]  NoRel[0.0023]  Temporal[0.0817]  Contingency[0.1344]  Expansion
Comparison[0.1223]  EntRel[0.2853]  Expansion[0.4085]  NoRel[0.0169]  Temporal[0.0796]  Contingency[0.0874]  Expansion
Comparison[0.0803]  EntRel[0.3338]  Expansion[0.3417]  NoRel[0.0049]  Temporal[0.1215]  Contingency[0.1178]  Expansion
Comparison[0.2743]  EntRel[0.1104]  Expansion[0.4348]  NoRel[0.0014]  Temporal[0.0363]  Contingency[0.1428]  Expansion
Comparison[0.0661]  EntRel[0.2815]  Expansion[0.3764]  NoRel[0.0243]  Temporal[0.1032]  Contingency[0.1485]  Expansion
Comparison[0.0617]  EntRel[0.4576]  Expansion[0.2764]  NoRel[0.0018]  Temporal[0.0560]  Contingency[0.1464]  EntRel
Comparison[0.1126]  EntRel[0.2041]  Expansion[0.3632]  NoRel[0.0037]  Temporal[0.0993]  Contingency[0.2171]  Expansion
Comparison[0.0668]  EntRel[0.2246]  Expansion[0.5170]  NoRel[0.0095]  Temporal[0.0571]  Contingency[0.1251]  Expansion
Comparison[0.0627]  EntRel[0.1394]  Expansion[0.4419]  NoRel[0.0033]  Temporal[0.0599]  Contingency[0.2929]  Expansion
Comparison[0.1784]  EntRel[0.2047]  Expansion[0.5079]  NoRel[0.0047]  Temporal[0.0369]  Contingency[0.0675]  Expansion
Comparison[0.0972]  EntRel[0.1726]  Expansion[0.4772]  NoRel[0.0064]  Temporal[0.1059]  Contingency[0.1407]  Expansion
Comparison[0.1800]  EntRel[0.2059]  Expansion[0.4732]  NoRel[0.0064]  Temporal[0.0427]  Contingency[0.0918]  Expansion
Comparison[0.0746]  EntRel[0.1964]  Expansion[0.3942]  NoRel[0.0062]  Temporal[0.0205]  Contingency[0.3080]  Expansion
Comparison[0.1055]  EntRel[0.2455]  Expansion[0.3440]  NoRel[0.0119]  Temporal[0.0708]  Contingency[0.2223]  Expansion
Comparison[0.2241]  EntRel[0.1745]  Expansion[0.3712]  NoRel[0.0083]  Temporal[0.0496]  Contingency[0.1723]  Expansion
Comparison[0.1269]  EntRel[0.1445]  Expansion[0.3098]  NoRel[0.0062]  Temporal[0.0462]  Contingency[0.3664]  Contingency
Comparison[0.0771]  EntRel[0.3091]  Expansion[0.2681]  NoRel[0.0217]  Temporal[0.0777]  Contingency[0.2463]  EntRel
Comparison[0.1211]  EntRel[0.3824]  Expansion[0.2653]  NoRel[0.0176]  Temporal[0.1080]  Contingency[0.1056]  EntRel
Comparison[0.2327]  EntRel[0.1815]  Expansion[0.4116]  NoRel[0.0017]  Temporal[0.0175]  Contingency[0.1550]  Expansion
Comparison[0.1264]  EntRel[0.2063]  Expansion[0.4379]  NoRel[0.0099]  Temporal[0.1237]  Contingency[0.0958]  Expansion
Comparison[0.1147]  EntRel[0.3099]  Expansion[0.2684]  NoRel[0.0305]  Temporal[0.1176]  Contingency[0.1589]  EntRel
Comparison[0.0767]  EntRel[0.3464]  Expansion[0.3336]  NoRel[0.0226]  Temporal[0.1014]  Contingency[0.1193]  EntRel
Comparison[0.1436]  EntRel[0.3085]  Expansion[0.3345]  NoRel[0.0306]  Temporal[0.0626]  Contingency[0.1202]  Expansion
Comparison[0.0624]  EntRel[0.2621]  Expansion[0.4354]  NoRel[0.0044]  Temporal[0.0222]  Contingency[0.2134]  Expansion
Comparison[0.1513]  EntRel[0.3139]  Expansion[0.2731]  NoRel[0.0334]  Temporal[0.1257]  Contingency[0.1027]  EntRel
Comparison[0.1490]  EntRel[0.1884]  Expansion[0.3812]  NoRel[0.0269]  Temporal[0.0442]  Contingency[0.2103]  Expansion
Comparison[0.0619]  EntRel[0.2531]  Expansion[0.4970]  NoRel[0.0256]  Temporal[0.0478]  Contingency[0.1146]  Expansion
Comparison[0.0690]  EntRel[0.4548]  Expansion[0.3286]  NoRel[0.0084]  Temporal[0.0475]  Contingency[0.0917]  EntRel
Comparison[0.0789]  EntRel[0.4708]  Expansion[0.2849]  NoRel[0.0202]  Temporal[0.0623]  Contingency[0.0829]  EntRel
Comparison[0.0888]  EntRel[0.5353]  Expansion[0.2541]  NoRel[0.0066]  Temporal[0.0666]  Contingency[0.0486]  EntRel
Comparison[0.0685]  EntRel[0.3920]  Expansion[0.3201]  NoRel[0.0191]  Temporal[0.1005]  Contingency[0.0999]  EntRel
Comparison[0.1102]  EntRel[0.3373]  Expansion[0.2674]  NoRel[0.0487]  Temporal[0.1394]  Contingency[0.0970]  EntRel
Comparison[0.1600]  EntRel[0.4006]  Expansion[0.2056]  NoRel[0.0230]  Temporal[0.1234]  Contingency[0.0873]  EntRel
Comparison[0.0903]  EntRel[0.3097]  Expansion[0.3722]  NoRel[0.0292]  Temporal[0.0167]  Contingency[0.1819]  Expansion
Comparison[0.0882]  EntRel[0.2017]  Expansion[0.4376]  NoRel[0.0277]  Temporal[0.0396]  Contingency[0.2053]  Expansion
Comparison[0.1219]  EntRel[0.3413]  Expansion[0.3285]  NoRel[0.0465]  Temporal[0.0914]  Contingency[0.0704]  EntRel
Comparison[0.1425]  EntRel[0.1955]  Expansion[0.3784]  NoRel[0.0261]  Temporal[0.0263]  Contingency[0.2313]  Expansion
Comparison[0.0928]  EntRel[0.3210]  Expansion[0.3471]  NoRel[0.0085]  Temporal[0.0239]  Contingency[0.2067]  Expansion
Comparison[0.0599]  EntRel[0.3775]  Expansion[0.3493]  NoRel[0.0173]  Temporal[0.0269]  Contingency[0.1691]  EntRel
Comparison[0.1455]  EntRel[0.2640]  Expansion[0.2857]  NoRel[0.0675]  Temporal[0.1044]  Contingency[0.1328]  Expansion
Comparison[0.0371]  EntRel[0.4338]  Expansion[0.3428]  NoRel[0.0258]  Temporal[0.0727]  Contingency[0.0878]  EntRel
Comparison[0.0258]  EntRel[0.5042]  Expansion[0.3124]  NoRel[0.0193]  Temporal[0.0567]  Contingency[0.0817]  EntRel
