Expansion[0.0124]  Contingency[0.0031]  Comparison[0.9766]  Temporal[0.0079]  Comparison
Expansion[0.9369]  Contingency[0.0463]  Comparison[0.0092]  Temporal[0.0076]  Expansion
Expansion[0.9904]  Contingency[0.0023]  Comparison[0.0072]  Temporal[0.0001]  Expansion
Expansion[0.1760]  Contingency[0.0167]  Comparison[0.6248]  Temporal[0.1826]  Comparison
Expansion[0.0582]  Contingency[0.2937]  Comparison[0.0567]  Temporal[0.5914]  Temporal
Expansion[0.9709]  Contingency[0.0216]  Comparison[0.0039]  Temporal[0.0036]  Expansion
Expansion[0.0655]  Contingency[0.8950]  Comparison[0.0216]  Temporal[0.0180]  Contingency
Expansion[0.8967]  Contingency[0.0054]  Comparison[0.0404]  Temporal[0.0576]  Expansion
Expansion[0.0002]  Contingency[0.3073]  Comparison[0.0373]  Temporal[0.6552]  Temporal
Expansion[0.0026]  Contingency[0.0584]  Comparison[0.0004]  Temporal[0.9386]  Temporal
Expansion[0.9849]  Contingency[0.0023]  Comparison[0.0070]  Temporal[0.0058]  Expansion
Expansion[0.9709]  Contingency[0.0216]  Comparison[0.0039]  Temporal[0.0036]  Expansion
Expansion[0.0298]  Contingency[0.0003]  Comparison[0.9693]  Temporal[0.0006]  Comparison
Expansion[0.0103]  Contingency[0.0312]  Comparison[0.0305]  Temporal[0.9279]  Temporal
Expansion[0.0003]  Contingency[0.9583]  Comparison[0.0021]  Temporal[0.0393]  Contingency
Expansion[0.0101]  Contingency[0.9838]  Comparison[0.0033]  Temporal[0.0028]  Contingency
Expansion[0.9901]  Contingency[0.0074]  Comparison[0.0013]  Temporal[0.0012]  Expansion
Expansion[0.0003]  Contingency[0.9583]  Comparison[0.0021]  Temporal[0.0393]  Contingency
Expansion[0.0103]  Contingency[0.0312]  Comparison[0.0305]  Temporal[0.9279]  Temporal
Expansion[0.0298]  Contingency[0.0003]  Comparison[0.9693]  Temporal[0.0006]  Comparison
Expansion[0.9910]  Contingency[0.0008]  Comparison[0.0066]  Temporal[0.0017]  Expansion
Expansion[0.9844]  Contingency[0.0024]  Comparison[0.0072]  Temporal[0.0060]  Expansion
Expansion[0.9849]  Contingency[0.0023]  Comparison[0.0070]  Temporal[0.0058]  Expansion
Expansion[0.0008]  Contingency[0.0054]  Comparison[0.9799]  Temporal[0.0138]  Comparison
