Comparison[0.1002]  EntRel[0.2478]  Expansion[0.3994]  NoRel[0.0042]  Temporal[0.0532]  Contingency[0.1951]  Expansion
Comparison[0.0924]  EntRel[0.1756]  Expansion[0.4210]  NoRel[0.0109]  Temporal[0.0620]  Contingency[0.2381]  Expansion
Comparison[0.1059]  EntRel[0.1597]  Expansion[0.5033]  NoRel[0.0105]  Temporal[0.0615]  Contingency[0.1591]  Expansion
Comparison[0.0787]  EntRel[0.5099]  Expansion[0.2881]  NoRel[0.0146]  Temporal[0.0151]  Contingency[0.0935]  EntRel
Comparison[0.1042]  EntRel[0.1881]  Expansion[0.4386]  NoRel[0.0360]  Temporal[0.0572]  Contingency[0.1758]  Expansion
Comparison[0.1793]  EntRel[0.1795]  Expansion[0.3002]  NoRel[0.0204]  Temporal[0.0773]  Contingency[0.2434]  Expansion
Comparison[0.0477]  EntRel[0.2026]  Expansion[0.4894]  NoRel[0.0017]  Temporal[0.0046]  Contingency[0.2541]  Expansion
Comparison[0.0793]  EntRel[0.3470]  Expansion[0.4131]  NoRel[0.0073]  Temporal[0.0196]  Contingency[0.1337]  Expansion
Comparison[0.0720]  EntRel[0.1891]  Expansion[0.4760]  NoRel[0.0134]  Temporal[0.0420]  Contingency[0.2075]  Expansion
Comparison[0.1220]  EntRel[0.1987]  Expansion[0.3583]  NoRel[0.0201]  Temporal[0.0786]  Contingency[0.2222]  Expansion
Comparison[0.0895]  EntRel[0.3421]  Expansion[0.3794]  NoRel[0.0055]  Temporal[0.0283]  Contingency[0.1552]  Expansion
Comparison[0.0479]  EntRel[0.3228]  Expansion[0.4436]  NoRel[0.0053]  Temporal[0.0116]  Contingency[0.1688]  Expansion
Comparison[0.1230]  EntRel[0.2379]  Expansion[0.4064]  NoRel[0.0026]  Temporal[0.0508]  Contingency[0.1793]  Expansion
Comparison[0.1377]  EntRel[0.2704]  Expansion[0.3483]  NoRel[0.0096]  Temporal[0.0655]  Contingency[0.1684]  Expansion
Comparison[0.0928]  EntRel[0.2141]  Expansion[0.4602]  NoRel[0.0140]  Temporal[0.0630]  Contingency[0.1558]  Expansion
Comparison[0.0994]  EntRel[0.3746]  Expansion[0.3229]  NoRel[0.0113]  Temporal[0.0355]  Contingency[0.1564]  EntRel
Comparison[0.1589]  EntRel[0.2535]  Expansion[0.3760]  NoRel[0.0253]  Temporal[0.0558]  Contingency[0.1305]  Expansion
Comparison[0.1156]  EntRel[0.1915]  Expansion[0.3830]  NoRel[0.0037]  Temporal[0.1641]  Contingency[0.1421]  Expansion
Comparison[0.1255]  EntRel[0.2856]  Expansion[0.2258]  NoRel[0.0075]  Temporal[0.0321]  Contingency[0.3234]  Contingency
Comparison[0.0877]  EntRel[0.2755]  Expansion[0.3499]  NoRel[0.0137]  Temporal[0.1087]  Contingency[0.1646]  Expansion
Comparison[0.0827]  EntRel[0.2582]  Expansion[0.4305]  NoRel[0.0035]  Temporal[0.0788]  Contingency[0.1462]  Expansion
Comparison[0.1411]  EntRel[0.1585]  Expansion[0.4565]  NoRel[0.0128]  Temporal[0.0892]  Contingency[0.1419]  Expansion
Comparison[0.1057]  EntRel[0.2322]  Expansion[0.3732]  NoRel[0.0096]  Temporal[0.0279]  Contingency[0.2514]  Expansion
Comparison[0.1122]  EntRel[0.2131]  Expansion[0.3996]  NoRel[0.0085]  Temporal[0.0408]  Contingency[0.2258]  Expansion
Comparison[0.1425]  EntRel[0.1826]  Expansion[0.4129]  NoRel[0.0068]  Temporal[0.1019]  Contingency[0.1533]  Expansion
Comparison[0.1244]  EntRel[0.2726]  Expansion[0.3161]  NoRel[0.0133]  Temporal[0.0951]  Contingency[0.1786]  Expansion
Comparison[0.0958]  EntRel[0.2839]  Expansion[0.3037]  NoRel[0.0262]  Temporal[0.0854]  Contingency[0.2050]  Expansion
Comparison[0.1422]  EntRel[0.3933]  Expansion[0.2548]  NoRel[0.0113]  Temporal[0.1129]  Contingency[0.0854]  EntRel
Comparison[0.1290]  EntRel[0.2102]  Expansion[0.3749]  NoRel[0.0040]  Temporal[0.0352]  Contingency[0.2467]  Expansion
Comparison[0.0581]  EntRel[0.2099]  Expansion[0.3789]  NoRel[0.0101]  Temporal[0.0839]  Contingency[0.2592]  Expansion
Comparison[0.1028]  EntRel[0.2149]  Expansion[0.3706]  NoRel[0.0013]  Temporal[0.0408]  Contingency[0.2696]  Expansion
Comparison[0.1167]  EntRel[0.2031]  Expansion[0.3819]  NoRel[0.0056]  Temporal[0.0477]  Contingency[0.2450]  Expansion
Comparison[0.1582]  EntRel[0.2445]  Expansion[0.3317]  NoRel[0.0276]  Temporal[0.0849]  Contingency[0.1531]  Expansion
Comparison[0.0776]  EntRel[0.2606]  Expansion[0.5128]  NoRel[0.0145]  Temporal[0.0314]  Contingency[0.1031]  Expansion
Comparison[0.1101]  EntRel[0.2419]  Expansion[0.4269]  NoRel[0.0456]  Temporal[0.0695]  Contingency[0.1061]  Expansion
Comparison[0.0553]  EntRel[0.4318]  Expansion[0.3598]  NoRel[0.0191]  Temporal[0.0389]  Contingency[0.0950]  EntRel
Comparison[0.1703]  EntRel[0.2410]  Expansion[0.3425]  NoRel[0.0091]  Temporal[0.0593]  Contingency[0.1777]  Expansion
Comparison[0.0647]  EntRel[0.2189]  Expansion[0.2613]  NoRel[0.0561]  Temporal[0.1452]  Contingency[0.2538]  Expansion
Comparison[0.1250]  EntRel[0.3019]  Expansion[0.2016]  NoRel[0.0191]  Temporal[0.1415]  Contingency[0.2109]  EntRel
Comparison[0.1328]  EntRel[0.2839]  Expansion[0.2623]  NoRel[0.0055]  Temporal[0.1223]  Contingency[0.1932]  EntRel
Comparison[0.1010]  EntRel[0.1601]  Expansion[0.4210]  NoRel[0.0078]  Temporal[0.0619]  Contingency[0.2481]  Expansion
Comparison[0.0867]  EntRel[0.2551]  Expansion[0.3425]  NoRel[0.0309]  Temporal[0.1344]  Contingency[0.1505]  Expansion
Comparison[0.1072]  EntRel[0.2580]  Expansion[0.2617]  NoRel[0.0070]  Temporal[0.1467]  Contingency[0.2194]  Expansion
Comparison[0.0798]  EntRel[0.1584]  Expansion[0.4077]  NoRel[0.0077]  Temporal[0.0728]  Contingency[0.2735]  Expansion
Comparison[0.0932]  EntRel[0.2546]  Expansion[0.4391]  NoRel[0.0042]  Temporal[0.0688]  Contingency[0.1400]  Expansion
Comparison[0.1164]  EntRel[0.2445]  Expansion[0.3873]  NoRel[0.0070]  Temporal[0.1006]  Contingency[0.1441]  Expansion
Comparison[0.1703]  EntRel[0.1473]  Expansion[0.3155]  NoRel[0.0258]  Temporal[0.1672]  Contingency[0.1738]  Expansion
Comparison[0.1028]  EntRel[0.2173]  Expansion[0.4010]  NoRel[0.0107]  Temporal[0.1060]  Contingency[0.1622]  Expansion
Comparison[0.1024]  EntRel[0.3441]  Expansion[0.2456]  NoRel[0.0245]  Temporal[0.1544]  Contingency[0.1291]  EntRel
Comparison[0.0636]  EntRel[0.2037]  Expansion[0.4391]  NoRel[0.0062]  Temporal[0.1543]  Contingency[0.1331]  Expansion
Comparison[0.0505]  EntRel[0.2747]  Expansion[0.3538]  NoRel[0.0106]  Temporal[0.1470]  Contingency[0.1634]  Expansion
Comparison[0.1240]  EntRel[0.3501]  Expansion[0.2839]  NoRel[0.0066]  Temporal[0.1384]  Contingency[0.0970]  EntRel
Comparison[0.1011]  EntRel[0.2370]  Expansion[0.2562]  NoRel[0.0077]  Temporal[0.1847]  Contingency[0.2134]  Expansion
Comparison[0.0568]  EntRel[0.1252]  Expansion[0.4608]  NoRel[0.0012]  Temporal[0.0149]  Contingency[0.3410]  Expansion
Comparison[0.0918]  EntRel[0.2717]  Expansion[0.3226]  NoRel[0.0198]  Temporal[0.0892]  Contingency[0.2050]  Expansion
Comparison[0.0546]  EntRel[0.2930]  Expansion[0.2848]  NoRel[0.0093]  Temporal[0.0602]  Contingency[0.2981]  Contingency
Comparison[0.0699]  EntRel[0.2190]  Expansion[0.5130]  NoRel[0.0090]  Temporal[0.1012]  Contingency[0.0880]  Expansion
Comparison[0.0845]  EntRel[0.1905]  Expansion[0.5297]  NoRel[0.0028]  Temporal[0.0683]  Contingency[0.1242]  Expansion
Comparison[0.0751]  EntRel[0.1795]  Expansion[0.4782]  NoRel[0.0048]  Temporal[0.0622]  Contingency[0.2003]  Expansion
Comparison[0.0709]  EntRel[0.1910]  Expansion[0.5416]  NoRel[0.0024]  Temporal[0.0396]  Contingency[0.1546]  Expansion
Comparison[0.0689]  EntRel[0.2396]  Expansion[0.4304]  NoRel[0.0062]  Temporal[0.0519]  Contingency[0.2030]  Expansion
Comparison[0.0757]  EntRel[0.1055]  Expansion[0.3649]  NoRel[0.0016]  Temporal[0.1532]  Contingency[0.2990]  Expansion
Comparison[0.0970]  EntRel[0.0603]  Expansion[0.4889]  NoRel[0.0005]  Temporal[0.0188]  Contingency[0.3345]  Expansion
Comparison[0.0428]  EntRel[0.4603]  Expansion[0.3224]  NoRel[0.0039]  Temporal[0.0150]  Contingency[0.1556]  EntRel
Comparison[0.1314]  EntRel[0.2689]  Expansion[0.2976]  NoRel[0.0128]  Temporal[0.0483]  Contingency[0.2410]  Expansion
Comparison[0.2216]  EntRel[0.1401]  Expansion[0.3084]  NoRel[0.0085]  Temporal[0.0629]  Contingency[0.2585]  Expansion
Comparison[0.1191]  EntRel[0.2565]  Expansion[0.2497]  NoRel[0.0098]  Temporal[0.0316]  Contingency[0.3334]  Contingency
Comparison[0.0839]  EntRel[0.2616]  Expansion[0.3841]  NoRel[0.0114]  Temporal[0.0357]  Contingency[0.2233]  Expansion
Comparison[0.1167]  EntRel[0.3624]  Expansion[0.2962]  NoRel[0.0078]  Temporal[0.0325]  Contingency[0.1843]  EntRel
Comparison[0.2430]  EntRel[0.2326]  Expansion[0.2608]  NoRel[0.0128]  Temporal[0.0838]  Contingency[0.1671]  Expansion
Comparison[0.1022]  EntRel[0.1582]  Expansion[0.3796]  NoRel[0.0055]  Temporal[0.0516]  Contingency[0.3029]  Expansion
Comparison[0.1674]  EntRel[0.2790]  Expansion[0.2407]  NoRel[0.0305]  Temporal[0.1480]  Contingency[0.1344]  EntRel
Comparison[0.1093]  EntRel[0.1348]  Expansion[0.6119]  NoRel[0.0012]  Temporal[0.0518]  Contingency[0.0910]  Expansion
Comparison[0.1893]  EntRel[0.2253]  Expansion[0.4284]  NoRel[0.0061]  Temporal[0.1032]  Contingency[0.0477]  Expansion
Comparison[0.1507]  EntRel[0.1891]  Expansion[0.3689]  NoRel[0.0107]  Temporal[0.0796]  Contingency[0.2009]  Expansion
Comparison[0.0961]  EntRel[0.0532]  Expansion[0.5536]  NoRel[0.0012]  Temporal[0.0123]  Contingency[0.2836]  Expansion
Comparison[0.1002]  EntRel[0.1320]  Expansion[0.4223]  NoRel[0.0006]  Temporal[0.0031]  Contingency[0.3418]  Expansion
Comparison[0.0846]  EntRel[0.2293]  Expansion[0.4250]  NoRel[0.0148]  Temporal[0.0459]  Contingency[0.2004]  Expansion
Comparison[0.1500]  EntRel[0.2383]  Expansion[0.3445]  NoRel[0.0199]  Temporal[0.0985]  Contingency[0.1488]  Expansion
Comparison[0.1407]  EntRel[0.2442]  Expansion[0.3461]  NoRel[0.0187]  Temporal[0.0874]  Contingency[0.1628]  Expansion
Comparison[0.1633]  EntRel[0.2018]  Expansion[0.3997]  NoRel[0.0057]  Temporal[0.0516]  Contingency[0.1778]  Expansion
Comparison[0.0943]  EntRel[0.1239]  Expansion[0.4848]  NoRel[0.0037]  Temporal[0.0309]  Contingency[0.2624]  Expansion
Comparison[0.1321]  EntRel[0.4029]  Expansion[0.2885]  NoRel[0.0189]  Temporal[0.0418]  Contingency[0.1158]  EntRel
Comparison[0.1231]  EntRel[0.2397]  Expansion[0.4809]  NoRel[0.0023]  Temporal[0.0527]  Contingency[0.1013]  Expansion
Comparison[0.1356]  EntRel[0.2778]  Expansion[0.3185]  NoRel[0.0041]  Temporal[0.1670]  Contingency[0.0971]  Expansion
Comparison[0.1176]  EntRel[0.2292]  Expansion[0.4427]  NoRel[0.0149]  Temporal[0.0873]  Contingency[0.1083]  Expansion
Comparison[0.0835]  EntRel[0.2010]  Expansion[0.5991]  NoRel[0.0189]  Temporal[0.0143]  Contingency[0.0832]  Expansion
Comparison[0.1020]  EntRel[0.2619]  Expansion[0.4311]  NoRel[0.0149]  Temporal[0.0377]  Contingency[0.1525]  Expansion
Comparison[0.1040]  EntRel[0.1824]  Expansion[0.3719]  NoRel[0.0046]  Temporal[0.0213]  Contingency[0.3158]  Expansion
Comparison[0.1157]  EntRel[0.3644]  Expansion[0.3275]  NoRel[0.0034]  Temporal[0.0744]  Contingency[0.1146]  EntRel
Comparison[0.1023]  EntRel[0.2165]  Expansion[0.5312]  NoRel[0.0157]  Temporal[0.0402]  Contingency[0.0941]  Expansion
Comparison[0.0872]  EntRel[0.3592]  Expansion[0.4448]  NoRel[0.0048]  Temporal[0.0293]  Contingency[0.0747]  Expansion
Comparison[0.1032]  EntRel[0.5669]  Expansion[0.2537]  NoRel[0.0047]  Temporal[0.0443]  Contingency[0.0272]  EntRel
Comparison[0.0857]  EntRel[0.1118]  Expansion[0.7148]  NoRel[0.0034]  Temporal[0.0685]  Contingency[0.0158]  Expansion
Comparison[0.1570]  EntRel[0.2286]  Expansion[0.3327]  NoRel[0.0040]  Temporal[0.0358]  Contingency[0.2419]  Expansion
Comparison[0.0700]  EntRel[0.3994]  Expansion[0.4006]  NoRel[0.0210]  Temporal[0.0317]  Contingency[0.0772]  Expansion
Comparison[0.1321]  EntRel[0.1404]  Expansion[0.4089]  NoRel[0.0064]  Temporal[0.0225]  Contingency[0.2897]  Expansion
Comparison[0.1193]  EntRel[0.2782]  Expansion[0.3679]  NoRel[0.0117]  Temporal[0.0467]  Contingency[0.1761]  Expansion
Comparison[0.0822]  EntRel[0.3046]  Expansion[0.3523]  NoRel[0.0160]  Temporal[0.0548]  Contingency[0.1901]  Expansion
Comparison[0.1071]  EntRel[0.2057]  Expansion[0.3800]  NoRel[0.0044]  Temporal[0.0774]  Contingency[0.2253]  Expansion
Comparison[0.0637]  EntRel[0.4135]  Expansion[0.2865]  NoRel[0.0123]  Temporal[0.1300]  Contingency[0.0939]  EntRel
Comparison[0.0457]  EntRel[0.5531]  Expansion[0.2394]  NoRel[0.0184]  Temporal[0.0315]  Contingency[0.1119]  EntRel
Comparison[0.1179]  EntRel[0.3155]  Expansion[0.3199]  NoRel[0.0214]  Temporal[0.1464]  Contingency[0.0790]  Expansion
Comparison[0.1646]  EntRel[0.2522]  Expansion[0.3171]  NoRel[0.0133]  Temporal[0.1571]  Contingency[0.0957]  Expansion
Comparison[0.0985]  EntRel[0.2784]  Expansion[0.3214]  NoRel[0.0434]  Temporal[0.0762]  Contingency[0.1821]  Expansion
Comparison[0.1358]  EntRel[0.2523]  Expansion[0.3115]  NoRel[0.0138]  Temporal[0.0383]  Contingency[0.2483]  Expansion
Comparison[0.1438]  EntRel[0.3381]  Expansion[0.2758]  NoRel[0.0216]  Temporal[0.0487]  Contingency[0.1721]  EntRel
Comparison[0.0967]  EntRel[0.1430]  Expansion[0.4998]  NoRel[0.0225]  Temporal[0.0640]  Contingency[0.1740]  Expansion
Comparison[0.0946]  EntRel[0.2504]  Expansion[0.2788]  NoRel[0.0127]  Temporal[0.0887]  Contingency[0.2748]  Expansion
Comparison[0.0531]  EntRel[0.3206]  Expansion[0.4667]  NoRel[0.0084]  Temporal[0.0385]  Contingency[0.1127]  Expansion
Comparison[0.0823]  EntRel[0.3061]  Expansion[0.4612]  NoRel[0.0202]  Temporal[0.0159]  Contingency[0.1144]  Expansion
Comparison[0.1384]  EntRel[0.3548]  Expansion[0.2556]  NoRel[0.0544]  Temporal[0.0729]  Contingency[0.1239]  EntRel
Comparison[0.1322]  EntRel[0.3280]  Expansion[0.2848]  NoRel[0.0633]  Temporal[0.0635]  Contingency[0.1281]  EntRel
Comparison[0.1711]  EntRel[0.2754]  Expansion[0.3145]  NoRel[0.0595]  Temporal[0.0736]  Contingency[0.1058]  Expansion
Comparison[0.0870]  EntRel[0.2933]  Expansion[0.3999]  NoRel[0.0301]  Temporal[0.0167]  Contingency[0.1731]  Expansion
Comparison[0.0620]  EntRel[0.3595]  Expansion[0.4060]  NoRel[0.0460]  Temporal[0.0166]  Contingency[0.1099]  Expansion
Comparison[0.1073]  EntRel[0.3657]  Expansion[0.3127]  NoRel[0.0216]  Temporal[0.0728]  Contingency[0.1199]  EntRel
Comparison[0.1056]  EntRel[0.3029]  Expansion[0.3313]  NoRel[0.0421]  Temporal[0.0936]  Contingency[0.1245]  Expansion
Comparison[0.1407]  EntRel[0.3400]  Expansion[0.3448]  NoRel[0.0430]  Temporal[0.0294]  Contingency[0.1022]  Expansion
Comparison[0.1115]  EntRel[0.2338]  Expansion[0.3504]  NoRel[0.0096]  Temporal[0.0389]  Contingency[0.2559]  Expansion
Comparison[0.0539]  EntRel[0.0722]  Expansion[0.6376]  NoRel[0.0066]  Temporal[0.0346]  Contingency[0.1951]  Expansion
Comparison[0.0710]  EntRel[0.1365]  Expansion[0.6275]  NoRel[0.0041]  Temporal[0.0182]  Contingency[0.1427]  Expansion
Comparison[0.0971]  EntRel[0.3181]  Expansion[0.3341]  NoRel[0.0341]  Temporal[0.0487]  Contingency[0.1678]  Expansion
Comparison[0.0520]  EntRel[0.4081]  Expansion[0.3188]  NoRel[0.0080]  Temporal[0.0637]  Contingency[0.1494]  EntRel
Comparison[0.0953]  EntRel[0.1858]  Expansion[0.3161]  NoRel[0.0076]  Temporal[0.0685]  Contingency[0.3266]  Contingency
Comparison[0.1176]  EntRel[0.1034]  Expansion[0.5014]  NoRel[0.0032]  Temporal[0.0443]  Contingency[0.2301]  Expansion
Comparison[0.0973]  EntRel[0.2056]  Expansion[0.2903]  NoRel[0.0108]  Temporal[0.2601]  Contingency[0.1359]  Expansion
Comparison[0.1124]  EntRel[0.2561]  Expansion[0.3572]  NoRel[0.0087]  Temporal[0.0812]  Contingency[0.1845]  Expansion
Comparison[0.1271]  EntRel[0.0908]  Expansion[0.4578]  NoRel[0.0024]  Temporal[0.0328]  Contingency[0.2891]  Expansion
Comparison[0.2130]  EntRel[0.1739]  Expansion[0.3273]  NoRel[0.0057]  Temporal[0.0321]  Contingency[0.2479]  Expansion
Comparison[0.0653]  EntRel[0.0967]  Expansion[0.5862]  NoRel[0.0041]  Temporal[0.0272]  Contingency[0.2205]  Expansion
Comparison[0.0683]  EntRel[0.2023]  Expansion[0.5250]  NoRel[0.0051]  Temporal[0.0216]  Contingency[0.1778]  Expansion
Comparison[0.1660]  EntRel[0.2128]  Expansion[0.3075]  NoRel[0.0180]  Temporal[0.0518]  Contingency[0.2439]  Expansion
Comparison[0.1276]  EntRel[0.2904]  Expansion[0.3337]  NoRel[0.0326]  Temporal[0.0509]  Contingency[0.1647]  Expansion
Comparison[0.1380]  EntRel[0.1755]  Expansion[0.3618]  NoRel[0.0088]  Temporal[0.0162]  Contingency[0.2996]  Expansion
Comparison[0.1341]  EntRel[0.2990]  Expansion[0.3575]  NoRel[0.0237]  Temporal[0.0296]  Contingency[0.1561]  Expansion
Comparison[0.0868]  EntRel[0.1867]  Expansion[0.4469]  NoRel[0.0044]  Temporal[0.0331]  Contingency[0.2420]  Expansion
Comparison[0.1312]  EntRel[0.2090]  Expansion[0.3800]  NoRel[0.0156]  Temporal[0.0477]  Contingency[0.2166]  Expansion
Comparison[0.1352]  EntRel[0.1924]  Expansion[0.2683]  NoRel[0.0157]  Temporal[0.0373]  Contingency[0.3510]  Contingency
Comparison[0.0804]  EntRel[0.2460]  Expansion[0.3821]  NoRel[0.0130]  Temporal[0.0291]  Contingency[0.2494]  Expansion
Comparison[0.1228]  EntRel[0.1309]  Expansion[0.4205]  NoRel[0.0031]  Temporal[0.0060]  Contingency[0.3167]  Expansion
Comparison[0.1410]  EntRel[0.2806]  Expansion[0.3202]  NoRel[0.0310]  Temporal[0.0191]  Contingency[0.2080]  Expansion
Comparison[0.1269]  EntRel[0.2300]  Expansion[0.4380]  NoRel[0.0024]  Temporal[0.0125]  Contingency[0.1902]  Expansion
Comparison[0.1196]  EntRel[0.0944]  Expansion[0.3886]  NoRel[0.0017]  Temporal[0.0487]  Contingency[0.3470]  Expansion
Comparison[0.0979]  EntRel[0.1261]  Expansion[0.4365]  NoRel[0.0088]  Temporal[0.0244]  Contingency[0.3062]  Expansion
Comparison[0.1238]  EntRel[0.1996]  Expansion[0.2806]  NoRel[0.0117]  Temporal[0.0723]  Contingency[0.3120]  Contingency
Comparison[0.2438]  EntRel[0.2080]  Expansion[0.2890]  NoRel[0.0035]  Temporal[0.0504]  Contingency[0.2053]  Expansion
Comparison[0.1136]  EntRel[0.2288]  Expansion[0.3363]  NoRel[0.0305]  Temporal[0.0508]  Contingency[0.2401]  Expansion
Comparison[0.0534]  EntRel[0.1114]  Expansion[0.4773]  NoRel[0.0032]  Temporal[0.0147]  Contingency[0.3399]  Expansion
Comparison[0.0838]  EntRel[0.1832]  Expansion[0.4803]  NoRel[0.0020]  Temporal[0.0391]  Contingency[0.2116]  Expansion
Comparison[0.0814]  EntRel[0.2550]  Expansion[0.4161]  NoRel[0.0022]  Temporal[0.0803]  Contingency[0.1650]  Expansion
Comparison[0.0800]  EntRel[0.4410]  Expansion[0.3720]  NoRel[0.0107]  Temporal[0.0345]  Contingency[0.0619]  EntRel
Comparison[0.0421]  EntRel[0.3531]  Expansion[0.3802]  NoRel[0.0211]  Temporal[0.0573]  Contingency[0.1463]  Expansion
Comparison[0.2028]  EntRel[0.1758]  Expansion[0.3976]  NoRel[0.0044]  Temporal[0.0883]  Contingency[0.1311]  Expansion
Comparison[0.1683]  EntRel[0.1337]  Expansion[0.4662]  NoRel[0.0019]  Temporal[0.0986]  Contingency[0.1313]  Expansion
Comparison[0.1554]  EntRel[0.2083]  Expansion[0.2778]  NoRel[0.0076]  Temporal[0.0971]  Contingency[0.2538]  Expansion
Comparison[0.1334]  EntRel[0.2935]  Expansion[0.2591]  NoRel[0.0756]  Temporal[0.1107]  Contingency[0.1277]  EntRel
Comparison[0.1217]  EntRel[0.2000]  Expansion[0.3302]  NoRel[0.0279]  Temporal[0.1282]  Contingency[0.1921]  Expansion
Comparison[0.0849]  EntRel[0.0986]  Expansion[0.4561]  NoRel[0.0044]  Temporal[0.1836]  Contingency[0.1725]  Expansion
Comparison[0.1098]  EntRel[0.2506]  Expansion[0.2928]  NoRel[0.0041]  Temporal[0.1847]  Contingency[0.1579]  Expansion
Comparison[0.1720]  EntRel[0.2068]  Expansion[0.2890]  NoRel[0.0187]  Temporal[0.1504]  Contingency[0.1631]  Expansion
Comparison[0.0576]  EntRel[0.2880]  Expansion[0.3169]  NoRel[0.0178]  Temporal[0.1708]  Contingency[0.1488]  Expansion
Comparison[0.0946]  EntRel[0.2685]  Expansion[0.3504]  NoRel[0.0141]  Temporal[0.0737]  Contingency[0.1987]  Expansion
Comparison[0.1087]  EntRel[0.2133]  Expansion[0.3413]  NoRel[0.0037]  Temporal[0.0310]  Contingency[0.3019]  Expansion
Comparison[0.1023]  EntRel[0.2135]  Expansion[0.3869]  NoRel[0.0068]  Temporal[0.0626]  Contingency[0.2279]  Expansion
Comparison[0.0749]  EntRel[0.2464]  Expansion[0.4382]  NoRel[0.0266]  Temporal[0.0677]  Contingency[0.1462]  Expansion
Comparison[0.0459]  EntRel[0.4354]  Expansion[0.2944]  NoRel[0.0144]  Temporal[0.1053]  Contingency[0.1045]  EntRel
Comparison[0.0615]  EntRel[0.4266]  Expansion[0.3392]  NoRel[0.0103]  Temporal[0.0521]  Contingency[0.1103]  EntRel
Comparison[0.0954]  EntRel[0.3101]  Expansion[0.3481]  NoRel[0.0065]  Temporal[0.1407]  Contingency[0.0991]  Expansion
Comparison[0.0953]  EntRel[0.2213]  Expansion[0.4019]  NoRel[0.0106]  Temporal[0.1530]  Contingency[0.1178]  Expansion
Comparison[0.0626]  EntRel[0.2263]  Expansion[0.4756]  NoRel[0.0187]  Temporal[0.0975]  Contingency[0.1192]  Expansion
Comparison[0.0605]  EntRel[0.3473]  Expansion[0.3800]  NoRel[0.0192]  Temporal[0.0528]  Contingency[0.1402]  Expansion
Comparison[0.1209]  EntRel[0.3743]  Expansion[0.3372]  NoRel[0.0057]  Temporal[0.0416]  Contingency[0.1203]  EntRel
Comparison[0.1090]  EntRel[0.1319]  Expansion[0.3905]  NoRel[0.0069]  Temporal[0.0255]  Contingency[0.3363]  Expansion
Comparison[0.1015]  EntRel[0.3104]  Expansion[0.3073]  NoRel[0.0227]  Temporal[0.1429]  Contingency[0.1153]  EntRel
Comparison[0.1372]  EntRel[0.3150]  Expansion[0.2516]  NoRel[0.0325]  Temporal[0.1551]  Contingency[0.1086]  EntRel
Comparison[0.0731]  EntRel[0.1921]  Expansion[0.4714]  NoRel[0.0243]  Temporal[0.1385]  Contingency[0.1006]  Expansion
Comparison[0.0853]  EntRel[0.3348]  Expansion[0.3511]  NoRel[0.0192]  Temporal[0.1156]  Contingency[0.0941]  Expansion
Comparison[0.0807]  EntRel[0.2592]  Expansion[0.2958]  NoRel[0.0217]  Temporal[0.1278]  Contingency[0.2148]  Expansion
Comparison[0.1077]  EntRel[0.2256]  Expansion[0.3758]  NoRel[0.0214]  Temporal[0.0577]  Contingency[0.2118]  Expansion
Comparison[0.1211]  EntRel[0.2374]  Expansion[0.3306]  NoRel[0.0237]  Temporal[0.1519]  Contingency[0.1353]  Expansion
Comparison[0.1211]  EntRel[0.1730]  Expansion[0.2946]  NoRel[0.0130]  Temporal[0.0917]  Contingency[0.3066]  Contingency
Comparison[0.0713]  EntRel[0.2409]  Expansion[0.4616]  NoRel[0.0019]  Temporal[0.0444]  Contingency[0.1800]  Expansion
Comparison[0.1306]  EntRel[0.3480]  Expansion[0.2583]  NoRel[0.0092]  Temporal[0.1684]  Contingency[0.0855]  EntRel
Comparison[0.0957]  EntRel[0.1988]  Expansion[0.3146]  NoRel[0.0154]  Temporal[0.1390]  Contingency[0.2365]  Expansion
Comparison[0.1009]  EntRel[0.2190]  Expansion[0.2854]  NoRel[0.0049]  Temporal[0.1041]  Contingency[0.2856]  Contingency
Comparison[0.0742]  EntRel[0.2266]  Expansion[0.5367]  NoRel[0.0134]  Temporal[0.0092]  Contingency[0.1399]  Expansion
Comparison[0.0859]  EntRel[0.2993]  Expansion[0.2852]  NoRel[0.0045]  Temporal[0.1510]  Contingency[0.1740]  EntRel
Comparison[0.1276]  EntRel[0.3492]  Expansion[0.2821]  NoRel[0.0127]  Temporal[0.0616]  Contingency[0.1667]  EntRel
Comparison[0.0915]  EntRel[0.2140]  Expansion[0.3197]  NoRel[0.0265]  Temporal[0.1051]  Contingency[0.2431]  Expansion
Comparison[0.1064]  EntRel[0.2510]  Expansion[0.3739]  NoRel[0.0073]  Temporal[0.1061]  Contingency[0.1553]  Expansion
Comparison[0.1004]  EntRel[0.2231]  Expansion[0.3539]  NoRel[0.0073]  Temporal[0.0965]  Contingency[0.2189]  Expansion
Comparison[0.1127]  EntRel[0.2591]  Expansion[0.4159]  NoRel[0.0024]  Temporal[0.1034]  Contingency[0.1065]  Expansion
Comparison[0.1272]  EntRel[0.2468]  Expansion[0.3420]  NoRel[0.0262]  Temporal[0.0906]  Contingency[0.1671]  Expansion
Comparison[0.1140]  EntRel[0.1480]  Expansion[0.3853]  NoRel[0.0086]  Temporal[0.0343]  Contingency[0.3099]  Expansion
Comparison[0.1258]  EntRel[0.3567]  Expansion[0.3351]  NoRel[0.0391]  Temporal[0.0617]  Contingency[0.0817]  EntRel
Comparison[0.1935]  EntRel[0.3523]  Expansion[0.2266]  NoRel[0.0192]  Temporal[0.1877]  Contingency[0.0207]  EntRel
Comparison[0.1577]  EntRel[0.3188]  Expansion[0.2628]  NoRel[0.0254]  Temporal[0.1843]  Contingency[0.0510]  EntRel
Comparison[0.0960]  EntRel[0.2873]  Expansion[0.3025]  NoRel[0.0552]  Temporal[0.1481]  Contingency[0.1110]  Expansion
Comparison[0.0359]  EntRel[0.2724]  Expansion[0.5160]  NoRel[0.0331]  Temporal[0.0934]  Contingency[0.0492]  Expansion
Comparison[0.1340]  EntRel[0.2312]  Expansion[0.2491]  NoRel[0.0051]  Temporal[0.2494]  Contingency[0.1312]  Temporal
Comparison[0.0946]  EntRel[0.2660]  Expansion[0.3169]  NoRel[0.0108]  Temporal[0.1947]  Contingency[0.1171]  Expansion
Comparison[0.0818]  EntRel[0.3563]  Expansion[0.3188]  NoRel[0.0101]  Temporal[0.1536]  Contingency[0.0793]  EntRel
Comparison[0.1004]  EntRel[0.2777]  Expansion[0.3219]  NoRel[0.0044]  Temporal[0.1213]  Contingency[0.1743]  Expansion
Comparison[0.0698]  EntRel[0.2689]  Expansion[0.4988]  NoRel[0.0030]  Temporal[0.0673]  Contingency[0.0921]  Expansion
Comparison[0.0816]  EntRel[0.5095]  Expansion[0.3254]  NoRel[0.0026]  Temporal[0.0474]  Contingency[0.0335]  EntRel
Comparison[0.1407]  EntRel[0.2151]  Expansion[0.2940]  NoRel[0.0403]  Temporal[0.0415]  Contingency[0.2684]  Expansion
Comparison[0.1456]  EntRel[0.2536]  Expansion[0.3585]  NoRel[0.0050]  Temporal[0.0448]  Contingency[0.1926]  Expansion
Comparison[0.1114]  EntRel[0.1853]  Expansion[0.3790]  NoRel[0.0057]  Temporal[0.1356]  Contingency[0.1831]  Expansion
Comparison[0.1410]  EntRel[0.2837]  Expansion[0.3093]  NoRel[0.0191]  Temporal[0.0878]  Contingency[0.1592]  Expansion
Comparison[0.1248]  EntRel[0.3878]  Expansion[0.2643]  NoRel[0.0356]  Temporal[0.0954]  Contingency[0.0922]  EntRel
Comparison[0.1775]  EntRel[0.2292]  Expansion[0.3347]  NoRel[0.0425]  Temporal[0.0948]  Contingency[0.1213]  Expansion
Comparison[0.1307]  EntRel[0.2479]  Expansion[0.3803]  NoRel[0.0354]  Temporal[0.0555]  Contingency[0.1502]  Expansion
Comparison[0.1858]  EntRel[0.2400]  Expansion[0.3034]  NoRel[0.0445]  Temporal[0.0993]  Contingency[0.1270]  Expansion
Comparison[0.0823]  EntRel[0.2675]  Expansion[0.3615]  NoRel[0.0236]  Temporal[0.0320]  Contingency[0.2330]  Expansion
Comparison[0.1401]  EntRel[0.4568]  Expansion[0.2085]  NoRel[0.0037]  Temporal[0.0380]  Contingency[0.1529]  EntRel
Comparison[0.1010]  EntRel[0.3051]  Expansion[0.3306]  NoRel[0.0600]  Temporal[0.0513]  Contingency[0.1520]  Expansion
Comparison[0.0976]  EntRel[0.2734]  Expansion[0.3473]  NoRel[0.0678]  Temporal[0.0445]  Contingency[0.1694]  Expansion
Comparison[0.1043]  EntRel[0.1458]  Expansion[0.3361]  NoRel[0.0374]  Temporal[0.1531]  Contingency[0.2233]  Expansion
Comparison[0.1045]  EntRel[0.1876]  Expansion[0.4156]  NoRel[0.0203]  Temporal[0.0859]  Contingency[0.1862]  Expansion
Comparison[0.0892]  EntRel[0.2296]  Expansion[0.4753]  NoRel[0.0158]  Temporal[0.0365]  Contingency[0.1537]  Expansion
Comparison[0.1709]  EntRel[0.3858]  Expansion[0.1532]  NoRel[0.0721]  Temporal[0.0958]  Contingency[0.1221]  EntRel
Comparison[0.1361]  EntRel[0.3905]  Expansion[0.1556]  NoRel[0.0751]  Temporal[0.1513]  Contingency[0.0914]  EntRel
Comparison[0.1442]  EntRel[0.3579]  Expansion[0.2636]  NoRel[0.0065]  Temporal[0.1174]  Contingency[0.1104]  EntRel
Comparison[0.0702]  EntRel[0.1763]  Expansion[0.5217]  NoRel[0.0239]  Temporal[0.0752]  Contingency[0.1326]  Expansion
Comparison[0.1153]  EntRel[0.3305]  Expansion[0.3524]  NoRel[0.0063]  Temporal[0.0703]  Contingency[0.1253]  Expansion
Comparison[0.1093]  EntRel[0.2704]  Expansion[0.3872]  NoRel[0.0140]  Temporal[0.0759]  Contingency[0.1432]  Expansion
Comparison[0.1131]  EntRel[0.1588]  Expansion[0.3908]  NoRel[0.0079]  Temporal[0.1032]  Contingency[0.2261]  Expansion
Comparison[0.0995]  EntRel[0.1684]  Expansion[0.4609]  NoRel[0.0401]  Temporal[0.0554]  Contingency[0.1757]  Expansion
Comparison[0.0859]  EntRel[0.2074]  Expansion[0.4004]  NoRel[0.0160]  Temporal[0.0253]  Contingency[0.2650]  Expansion
Comparison[0.0755]  EntRel[0.3152]  Expansion[0.3426]  NoRel[0.0080]  Temporal[0.0178]  Contingency[0.2410]  Expansion
Comparison[0.1283]  EntRel[0.1861]  Expansion[0.3019]  NoRel[0.0325]  Temporal[0.1215]  Contingency[0.2296]  Expansion
