Comparison[0.1007]  EntRel[0.1701]  Expansion[0.5363]  NoRel[0.0127]  Temporal[0.0378]  Contingency[0.1424]  Expansion
Comparison[0.0921]  EntRel[0.1623]  Expansion[0.2940]  NoRel[0.0073]  Temporal[0.0667]  Contingency[0.3776]  Contingency
Comparison[0.0840]  EntRel[0.2257]  Expansion[0.3586]  NoRel[0.0226]  Temporal[0.0859]  Contingency[0.2231]  Expansion
Comparison[0.0875]  EntRel[0.2713]  Expansion[0.3286]  NoRel[0.0309]  Temporal[0.1142]  Contingency[0.1676]  Expansion
Comparison[0.1187]  EntRel[0.2556]  Expansion[0.4249]  NoRel[0.0073]  Temporal[0.0430]  Contingency[0.1504]  Expansion
Comparison[0.1126]  EntRel[0.2692]  Expansion[0.4757]  NoRel[0.0051]  Temporal[0.0236]  Contingency[0.1138]  Expansion
Comparison[0.0614]  EntRel[0.3814]  Expansion[0.3277]  NoRel[0.0247]  Temporal[0.0495]  Contingency[0.1553]  EntRel
Comparison[0.1411]  EntRel[0.2236]  Expansion[0.3423]  NoRel[0.0522]  Temporal[0.0925]  Contingency[0.1483]  Expansion
Comparison[0.0865]  EntRel[0.1582]  Expansion[0.4196]  NoRel[0.0083]  Temporal[0.0342]  Contingency[0.2931]  Expansion
Comparison[0.1086]  EntRel[0.2504]  Expansion[0.3546]  NoRel[0.0083]  Temporal[0.0533]  Contingency[0.2248]  Expansion
Comparison[0.1052]  EntRel[0.3281]  Expansion[0.3175]  NoRel[0.0168]  Temporal[0.0797]  Contingency[0.1528]  EntRel
Comparison[0.0607]  EntRel[0.4632]  Expansion[0.3153]  NoRel[0.0058]  Temporal[0.0969]  Contingency[0.0581]  EntRel
Comparison[0.0647]  EntRel[0.0543]  Expansion[0.2914]  NoRel[0.0048]  Temporal[0.0325]  Contingency[0.5523]  Contingency
Comparison[0.1087]  EntRel[0.1187]  Expansion[0.4073]  NoRel[0.0038]  Temporal[0.0459]  Contingency[0.3156]  Expansion
Comparison[0.0976]  EntRel[0.2170]  Expansion[0.3430]  NoRel[0.0089]  Temporal[0.1124]  Contingency[0.2211]  Expansion
Comparison[0.0775]  EntRel[0.1719]  Expansion[0.4139]  NoRel[0.0030]  Temporal[0.1035]  Contingency[0.2301]  Expansion
Comparison[0.0523]  EntRel[0.1705]  Expansion[0.6163]  NoRel[0.0040]  Temporal[0.0283]  Contingency[0.1286]  Expansion
Comparison[0.1098]  EntRel[0.2157]  Expansion[0.5403]  NoRel[0.0018]  Temporal[0.0892]  Contingency[0.0431]  Expansion
Comparison[0.1083]  EntRel[0.3340]  Expansion[0.4164]  NoRel[0.0059]  Temporal[0.0769]  Contingency[0.0585]  Expansion
Comparison[0.0765]  EntRel[0.4212]  Expansion[0.2222]  NoRel[0.0095]  Temporal[0.0628]  Contingency[0.2078]  EntRel
Comparison[0.0870]  EntRel[0.1873]  Expansion[0.4561]  NoRel[0.0058]  Temporal[0.0628]  Contingency[0.2009]  Expansion
Comparison[0.1106]  EntRel[0.2142]  Expansion[0.3569]  NoRel[0.0042]  Temporal[0.1840]  Contingency[0.1300]  Expansion
Comparison[0.1038]  EntRel[0.2540]  Expansion[0.3985]  NoRel[0.0160]  Temporal[0.1059]  Contingency[0.1219]  Expansion
Comparison[0.1106]  EntRel[0.1767]  Expansion[0.4639]  NoRel[0.0449]  Temporal[0.0073]  Contingency[0.1967]  Expansion
Comparison[0.0762]  EntRel[0.1969]  Expansion[0.4039]  NoRel[0.0121]  Temporal[0.0409]  Contingency[0.2701]  Expansion
Comparison[0.0697]  EntRel[0.1830]  Expansion[0.5045]  NoRel[0.0034]  Temporal[0.0298]  Contingency[0.2095]  Expansion
Comparison[0.0831]  EntRel[0.5392]  Expansion[0.1849]  NoRel[0.0041]  Temporal[0.0647]  Contingency[0.1241]  EntRel
Comparison[0.1156]  EntRel[0.2078]  Expansion[0.2482]  NoRel[0.0152]  Temporal[0.2802]  Contingency[0.1331]  Temporal
Comparison[0.1322]  EntRel[0.3078]  Expansion[0.2605]  NoRel[0.0381]  Temporal[0.0780]  Contingency[0.1834]  EntRel
Comparison[0.0984]  EntRel[0.1672]  Expansion[0.4225]  NoRel[0.0052]  Temporal[0.0292]  Contingency[0.2775]  Expansion
Comparison[0.0725]  EntRel[0.3044]  Expansion[0.4002]  NoRel[0.0122]  Temporal[0.0452]  Contingency[0.1655]  Expansion
Comparison[0.1533]  EntRel[0.2167]  Expansion[0.3351]  NoRel[0.0337]  Temporal[0.1340]  Contingency[0.1272]  Expansion
Comparison[0.1083]  EntRel[0.3201]  Expansion[0.2727]  NoRel[0.0330]  Temporal[0.1017]  Contingency[0.1643]  EntRel
Comparison[0.1345]  EntRel[0.2997]  Expansion[0.3242]  NoRel[0.0148]  Temporal[0.0933]  Contingency[0.1335]  Expansion
Comparison[0.1391]  EntRel[0.2416]  Expansion[0.4642]  NoRel[0.0155]  Temporal[0.0672]  Contingency[0.0724]  Expansion
Comparison[0.1260]  EntRel[0.3043]  Expansion[0.2954]  NoRel[0.0024]  Temporal[0.0286]  Contingency[0.2433]  EntRel
Comparison[0.1524]  EntRel[0.2720]  Expansion[0.2719]  NoRel[0.0035]  Temporal[0.1255]  Contingency[0.1747]  EntRel
Comparison[0.1146]  EntRel[0.1762]  Expansion[0.3676]  NoRel[0.0109]  Temporal[0.0528]  Contingency[0.2779]  Expansion
Comparison[0.0967]  EntRel[0.2537]  Expansion[0.3961]  NoRel[0.0115]  Temporal[0.0642]  Contingency[0.1778]  Expansion
Comparison[0.0681]  EntRel[0.2763]  Expansion[0.4845]  NoRel[0.0026]  Temporal[0.0844]  Contingency[0.0842]  Expansion
Comparison[0.0933]  EntRel[0.3115]  Expansion[0.4001]  NoRel[0.0109]  Temporal[0.0780]  Contingency[0.1061]  Expansion
Comparison[0.1481]  EntRel[0.2078]  Expansion[0.2564]  NoRel[0.0092]  Temporal[0.0462]  Contingency[0.3323]  Contingency
Comparison[0.0891]  EntRel[0.0599]  Expansion[0.3194]  NoRel[0.0001]  Temporal[0.0203]  Contingency[0.5111]  Contingency
Comparison[0.0833]  EntRel[0.3134]  Expansion[0.3394]  NoRel[0.0046]  Temporal[0.0508]  Contingency[0.2084]  Expansion
Comparison[0.1037]  EntRel[0.4068]  Expansion[0.2507]  NoRel[0.0518]  Temporal[0.0802]  Contingency[0.1068]  EntRel
Comparison[0.1283]  EntRel[0.2445]  Expansion[0.3399]  NoRel[0.0218]  Temporal[0.1056]  Contingency[0.1599]  Expansion
Comparison[0.2425]  EntRel[0.1785]  Expansion[0.3212]  NoRel[0.0087]  Temporal[0.0806]  Contingency[0.1686]  Expansion
Comparison[0.1002]  EntRel[0.1661]  Expansion[0.4075]  NoRel[0.0169]  Temporal[0.0607]  Contingency[0.2486]  Expansion
Comparison[0.0741]  EntRel[0.1868]  Expansion[0.2838]  NoRel[0.0162]  Temporal[0.0363]  Contingency[0.4028]  Contingency
Comparison[0.0795]  EntRel[0.2728]  Expansion[0.3186]  NoRel[0.0811]  Temporal[0.0824]  Contingency[0.1655]  Expansion
Comparison[0.0989]  EntRel[0.2217]  Expansion[0.2791]  NoRel[0.0086]  Temporal[0.1547]  Contingency[0.2371]  Expansion
Comparison[0.0759]  EntRel[0.2422]  Expansion[0.3722]  NoRel[0.0115]  Temporal[0.0935]  Contingency[0.2047]  Expansion
Comparison[0.1164]  EntRel[0.2717]  Expansion[0.3596]  NoRel[0.0018]  Temporal[0.0093]  Contingency[0.2411]  Expansion
Comparison[0.1526]  EntRel[0.1838]  Expansion[0.3388]  NoRel[0.0328]  Temporal[0.0860]  Contingency[0.2060]  Expansion
Comparison[0.1505]  EntRel[0.1417]  Expansion[0.4058]  NoRel[0.0086]  Temporal[0.1178]  Contingency[0.1756]  Expansion
Comparison[0.0882]  EntRel[0.1977]  Expansion[0.2237]  NoRel[0.0042]  Temporal[0.0631]  Contingency[0.4229]  Contingency
Comparison[0.0594]  EntRel[0.2124]  Expansion[0.4834]  NoRel[0.0040]  Temporal[0.0417]  Contingency[0.1991]  Expansion
Comparison[0.0865]  EntRel[0.3667]  Expansion[0.3487]  NoRel[0.0062]  Temporal[0.0349]  Contingency[0.1569]  EntRel
Comparison[0.0814]  EntRel[0.3313]  Expansion[0.3247]  NoRel[0.0249]  Temporal[0.0192]  Contingency[0.2185]  EntRel
Comparison[0.1047]  EntRel[0.2075]  Expansion[0.3819]  NoRel[0.0082]  Temporal[0.0436]  Contingency[0.2541]  Expansion
Comparison[0.0944]  EntRel[0.1087]  Expansion[0.3037]  NoRel[0.0047]  Temporal[0.0335]  Contingency[0.4551]  Contingency
Comparison[0.0972]  EntRel[0.2102]  Expansion[0.4520]  NoRel[0.0110]  Temporal[0.0179]  Contingency[0.2117]  Expansion
Comparison[0.0806]  EntRel[0.1686]  Expansion[0.3388]  NoRel[0.0050]  Temporal[0.0431]  Contingency[0.3639]  Contingency
Comparison[0.1196]  EntRel[0.1396]  Expansion[0.3820]  NoRel[0.0053]  Temporal[0.0816]  Contingency[0.2719]  Expansion
Comparison[0.1028]  EntRel[0.1436]  Expansion[0.4350]  NoRel[0.0030]  Temporal[0.0077]  Contingency[0.3080]  Expansion
Comparison[0.1186]  EntRel[0.1063]  Expansion[0.5077]  NoRel[0.0027]  Temporal[0.0115]  Contingency[0.2532]  Expansion
Comparison[0.1416]  EntRel[0.2286]  Expansion[0.3777]  NoRel[0.0131]  Temporal[0.0362]  Contingency[0.2027]  Expansion
Comparison[0.0906]  EntRel[0.1684]  Expansion[0.3541]  NoRel[0.0086]  Temporal[0.0126]  Contingency[0.3657]  Contingency
Comparison[0.0848]  EntRel[0.1176]  Expansion[0.5979]  NoRel[0.0025]  Temporal[0.0329]  Contingency[0.1643]  Expansion
Comparison[0.0731]  EntRel[0.1309]  Expansion[0.5471]  NoRel[0.0004]  Temporal[0.0424]  Contingency[0.2060]  Expansion
Comparison[0.1342]  EntRel[0.1235]  Expansion[0.5128]  NoRel[0.0011]  Temporal[0.0540]  Contingency[0.1744]  Expansion
Comparison[0.0582]  EntRel[0.1080]  Expansion[0.6407]  NoRel[0.0020]  Temporal[0.0021]  Contingency[0.1890]  Expansion
Comparison[0.1399]  EntRel[0.1803]  Expansion[0.2969]  NoRel[0.0150]  Temporal[0.0646]  Contingency[0.3034]  Contingency
Comparison[0.1204]  EntRel[0.1431]  Expansion[0.4370]  NoRel[0.0042]  Temporal[0.0284]  Contingency[0.2669]  Expansion
Comparison[0.0920]  EntRel[0.2860]  Expansion[0.3850]  NoRel[0.0045]  Temporal[0.0365]  Contingency[0.1959]  Expansion
Comparison[0.1614]  EntRel[0.1072]  Expansion[0.3546]  NoRel[0.0091]  Temporal[0.0631]  Contingency[0.3046]  Expansion
Comparison[0.1269]  EntRel[0.2359]  Expansion[0.2513]  NoRel[0.0338]  Temporal[0.1026]  Contingency[0.2496]  Expansion
Comparison[0.0925]  EntRel[0.2038]  Expansion[0.3922]  NoRel[0.0201]  Temporal[0.1048]  Contingency[0.1866]  Expansion
Comparison[0.0881]  EntRel[0.1202]  Expansion[0.4197]  NoRel[0.0021]  Temporal[0.0406]  Contingency[0.3294]  Expansion
Comparison[0.1458]  EntRel[0.1831]  Expansion[0.3055]  NoRel[0.0120]  Temporal[0.1228]  Contingency[0.2308]  Expansion
Comparison[0.0702]  EntRel[0.3637]  Expansion[0.3497]  NoRel[0.0174]  Temporal[0.0365]  Contingency[0.1624]  EntRel
Comparison[0.1082]  EntRel[0.2491]  Expansion[0.3874]  NoRel[0.0056]  Temporal[0.0577]  Contingency[0.1920]  Expansion
Comparison[0.1012]  EntRel[0.2963]  Expansion[0.3446]  NoRel[0.0116]  Temporal[0.0461]  Contingency[0.2001]  Expansion
Comparison[0.1039]  EntRel[0.2805]  Expansion[0.3950]  NoRel[0.0133]  Temporal[0.0431]  Contingency[0.1643]  Expansion
Comparison[0.0950]  EntRel[0.2236]  Expansion[0.3788]  NoRel[0.0249]  Temporal[0.0263]  Contingency[0.2514]  Expansion
Comparison[0.0650]  EntRel[0.1643]  Expansion[0.6097]  NoRel[0.0015]  Temporal[0.0033]  Contingency[0.1563]  Expansion
Comparison[0.0650]  EntRel[0.1584]  Expansion[0.4821]  NoRel[0.0025]  Temporal[0.0099]  Contingency[0.2820]  Expansion
Comparison[0.1549]  EntRel[0.1284]  Expansion[0.4602]  NoRel[0.0191]  Temporal[0.0593]  Contingency[0.1781]  Expansion
Comparison[0.1992]  EntRel[0.1801]  Expansion[0.4507]  NoRel[0.0095]  Temporal[0.0293]  Contingency[0.1312]  Expansion
Comparison[0.1496]  EntRel[0.2689]  Expansion[0.2939]  NoRel[0.0130]  Temporal[0.0330]  Contingency[0.2416]  Expansion
Comparison[0.1108]  EntRel[0.2838]  Expansion[0.3651]  NoRel[0.0265]  Temporal[0.0459]  Contingency[0.1679]  Expansion
Comparison[0.1687]  EntRel[0.1883]  Expansion[0.3935]  NoRel[0.0167]  Temporal[0.0568]  Contingency[0.1760]  Expansion
Comparison[0.0953]  EntRel[0.4753]  Expansion[0.3129]  NoRel[0.0085]  Temporal[0.0637]  Contingency[0.0443]  EntRel
Comparison[0.0856]  EntRel[0.2848]  Expansion[0.4140]  NoRel[0.0079]  Temporal[0.1344]  Contingency[0.0733]  Expansion
Comparison[0.0875]  EntRel[0.3704]  Expansion[0.3669]  NoRel[0.0010]  Temporal[0.0724]  Contingency[0.1018]  EntRel
Comparison[0.0692]  EntRel[0.4105]  Expansion[0.3943]  NoRel[0.0109]  Temporal[0.0629]  Contingency[0.0522]  EntRel
Comparison[0.0520]  EntRel[0.2992]  Expansion[0.4589]  NoRel[0.0143]  Temporal[0.1101]  Contingency[0.0655]  Expansion
Comparison[0.0698]  EntRel[0.1086]  Expansion[0.6661]  NoRel[0.0069]  Temporal[0.0517]  Contingency[0.0969]  Expansion
Comparison[0.1305]  EntRel[0.2287]  Expansion[0.3737]  NoRel[0.0111]  Temporal[0.0904]  Contingency[0.1657]  Expansion
Comparison[0.1342]  EntRel[0.2248]  Expansion[0.3459]  NoRel[0.0265]  Temporal[0.0909]  Contingency[0.1778]  Expansion
Comparison[0.0756]  EntRel[0.3618]  Expansion[0.4205]  NoRel[0.0088]  Temporal[0.0775]  Contingency[0.0558]  Expansion
Comparison[0.1473]  EntRel[0.2322]  Expansion[0.4895]  NoRel[0.0137]  Temporal[0.0982]  Contingency[0.0191]  Expansion
Comparison[0.1111]  EntRel[0.4032]  Expansion[0.3269]  NoRel[0.0080]  Temporal[0.0811]  Contingency[0.0698]  EntRel
Comparison[0.1343]  EntRel[0.2323]  Expansion[0.3850]  NoRel[0.0104]  Temporal[0.1887]  Contingency[0.0492]  Expansion
Comparison[0.0988]  EntRel[0.2629]  Expansion[0.3754]  NoRel[0.0066]  Temporal[0.1789]  Contingency[0.0773]  Expansion
Comparison[0.0846]  EntRel[0.3413]  Expansion[0.3481]  NoRel[0.0084]  Temporal[0.1364]  Contingency[0.0813]  Expansion
Comparison[0.1029]  EntRel[0.3684]  Expansion[0.3142]  NoRel[0.0045]  Temporal[0.1295]  Contingency[0.0805]  EntRel
Comparison[0.0798]  EntRel[0.3374]  Expansion[0.3102]  NoRel[0.0199]  Temporal[0.1827]  Contingency[0.0700]  EntRel
Comparison[0.0934]  EntRel[0.3196]  Expansion[0.3184]  NoRel[0.0165]  Temporal[0.1497]  Contingency[0.1024]  EntRel
Comparison[0.0920]  EntRel[0.2406]  Expansion[0.3747]  NoRel[0.0329]  Temporal[0.0964]  Contingency[0.1633]  Expansion
Comparison[0.0884]  EntRel[0.3565]  Expansion[0.3133]  NoRel[0.0411]  Temporal[0.1035]  Contingency[0.0971]  EntRel
Comparison[0.0876]  EntRel[0.2750]  Expansion[0.3084]  NoRel[0.0329]  Temporal[0.1215]  Contingency[0.1746]  Expansion
Comparison[0.1292]  EntRel[0.1799]  Expansion[0.4652]  NoRel[0.0283]  Temporal[0.1039]  Contingency[0.0933]  Expansion
Comparison[0.0892]  EntRel[0.3554]  Expansion[0.3460]  NoRel[0.0119]  Temporal[0.0869]  Contingency[0.1107]  EntRel
Comparison[0.0748]  EntRel[0.3902]  Expansion[0.3151]  NoRel[0.0129]  Temporal[0.0889]  Contingency[0.1182]  EntRel
Comparison[0.0762]  EntRel[0.2163]  Expansion[0.5302]  NoRel[0.0038]  Temporal[0.0609]  Contingency[0.1127]  Expansion
Comparison[0.1223]  EntRel[0.1844]  Expansion[0.3957]  NoRel[0.0322]  Temporal[0.0745]  Contingency[0.1910]  Expansion
Comparison[0.0692]  EntRel[0.4184]  Expansion[0.2600]  NoRel[0.0126]  Temporal[0.0719]  Contingency[0.1679]  EntRel
Comparison[0.0251]  EntRel[0.3000]  Expansion[0.5443]  NoRel[0.0060]  Temporal[0.1105]  Contingency[0.0141]  Expansion
Comparison[0.0722]  EntRel[0.3427]  Expansion[0.3323]  NoRel[0.0152]  Temporal[0.1286]  Contingency[0.1090]  EntRel
Comparison[0.1162]  EntRel[0.3360]  Expansion[0.3732]  NoRel[0.0190]  Temporal[0.0305]  Contingency[0.1251]  Expansion
Comparison[0.1054]  EntRel[0.3376]  Expansion[0.3376]  NoRel[0.0609]  Temporal[0.0577]  Contingency[0.1008]  EntRel
Comparison[0.1098]  EntRel[0.3342]  Expansion[0.3169]  NoRel[0.0759]  Temporal[0.0582]  Contingency[0.1051]  EntRel
Comparison[0.0885]  EntRel[0.2871]  Expansion[0.2193]  NoRel[0.0648]  Temporal[0.2527]  Contingency[0.0877]  EntRel
Comparison[0.0949]  EntRel[0.2449]  Expansion[0.3898]  NoRel[0.0155]  Temporal[0.0991]  Contingency[0.1557]  Expansion
Comparison[0.1203]  EntRel[0.2755]  Expansion[0.3544]  NoRel[0.0072]  Temporal[0.1430]  Contingency[0.0996]  Expansion
Comparison[0.1681]  EntRel[0.1676]  Expansion[0.3571]  NoRel[0.0130]  Temporal[0.0350]  Contingency[0.2592]  Expansion
Comparison[0.0855]  EntRel[0.2429]  Expansion[0.4002]  NoRel[0.0208]  Temporal[0.0376]  Contingency[0.2129]  Expansion
Comparison[0.0613]  EntRel[0.1939]  Expansion[0.6474]  NoRel[0.0305]  Temporal[0.0448]  Contingency[0.0221]  Expansion
Comparison[0.1192]  EntRel[0.3393]  Expansion[0.2521]  NoRel[0.0192]  Temporal[0.1085]  Contingency[0.1618]  EntRel
Comparison[0.1114]  EntRel[0.1733]  Expansion[0.4275]  NoRel[0.0089]  Temporal[0.1199]  Contingency[0.1590]  Expansion
Comparison[0.1372]  EntRel[0.2706]  Expansion[0.3624]  NoRel[0.0074]  Temporal[0.0920]  Contingency[0.1304]  Expansion
Comparison[0.1246]  EntRel[0.2300]  Expansion[0.4064]  NoRel[0.0149]  Temporal[0.0916]  Contingency[0.1324]  Expansion
Comparison[0.0746]  EntRel[0.1711]  Expansion[0.5719]  NoRel[0.0120]  Temporal[0.0490]  Contingency[0.1215]  Expansion
Comparison[0.1987]  EntRel[0.2368]  Expansion[0.3564]  NoRel[0.0139]  Temporal[0.1084]  Contingency[0.0858]  Expansion
Comparison[0.1045]  EntRel[0.3833]  Expansion[0.3276]  NoRel[0.0194]  Temporal[0.0494]  Contingency[0.1158]  EntRel
Comparison[0.1096]  EntRel[0.2416]  Expansion[0.3727]  NoRel[0.0326]  Temporal[0.0971]  Contingency[0.1464]  Expansion
Comparison[0.1010]  EntRel[0.2909]  Expansion[0.3834]  NoRel[0.0304]  Temporal[0.0651]  Contingency[0.1292]  Expansion
Comparison[0.1456]  EntRel[0.2661]  Expansion[0.3379]  NoRel[0.0278]  Temporal[0.0765]  Contingency[0.1461]  Expansion
Comparison[0.0563]  EntRel[0.2273]  Expansion[0.2823]  NoRel[0.0075]  Temporal[0.2822]  Contingency[0.1444]  Expansion
Comparison[0.1341]  EntRel[0.3176]  Expansion[0.3046]  NoRel[0.0575]  Temporal[0.0527]  Contingency[0.1335]  EntRel
Comparison[0.1412]  EntRel[0.3247]  Expansion[0.2932]  NoRel[0.0027]  Temporal[0.0973]  Contingency[0.1409]  EntRel
Comparison[0.0905]  EntRel[0.3544]  Expansion[0.2950]  NoRel[0.0133]  Temporal[0.1209]  Contingency[0.1259]  EntRel
Comparison[0.1419]  EntRel[0.3379]  Expansion[0.2585]  NoRel[0.0608]  Temporal[0.0732]  Contingency[0.1277]  EntRel
Comparison[0.1456]  EntRel[0.3344]  Expansion[0.2641]  NoRel[0.0296]  Temporal[0.1752]  Contingency[0.0510]  EntRel
Comparison[0.0809]  EntRel[0.2833]  Expansion[0.4196]  NoRel[0.0110]  Temporal[0.0875]  Contingency[0.1178]  Expansion
Comparison[0.1586]  EntRel[0.2812]  Expansion[0.2468]  NoRel[0.0263]  Temporal[0.0801]  Contingency[0.2069]  EntRel
Comparison[0.1166]  EntRel[0.1749]  Expansion[0.4059]  NoRel[0.0143]  Temporal[0.1724]  Contingency[0.1160]  Expansion
Comparison[0.0854]  EntRel[0.2446]  Expansion[0.2838]  NoRel[0.0095]  Temporal[0.2688]  Contingency[0.1079]  Expansion
Comparison[0.1486]  EntRel[0.3348]  Expansion[0.1844]  NoRel[0.0733]  Temporal[0.1159]  Contingency[0.1430]  EntRel
Comparison[0.1863]  EntRel[0.4639]  Expansion[0.1356]  NoRel[0.0489]  Temporal[0.0662]  Contingency[0.0992]  EntRel
Comparison[0.1265]  EntRel[0.3690]  Expansion[0.2772]  NoRel[0.0283]  Temporal[0.1195]  Contingency[0.0795]  EntRel
Comparison[0.0815]  EntRel[0.3203]  Expansion[0.3807]  NoRel[0.0068]  Temporal[0.0501]  Contingency[0.1606]  Expansion
Comparison[0.1520]  EntRel[0.3368]  Expansion[0.2234]  NoRel[0.0720]  Temporal[0.0782]  Contingency[0.1377]  EntRel
Comparison[0.1148]  EntRel[0.3758]  Expansion[0.3188]  NoRel[0.0197]  Temporal[0.1069]  Contingency[0.0639]  EntRel
Comparison[0.0856]  EntRel[0.3547]  Expansion[0.3756]  NoRel[0.0059]  Temporal[0.0525]  Contingency[0.1257]  Expansion
Comparison[0.0967]  EntRel[0.3192]  Expansion[0.3642]  NoRel[0.0126]  Temporal[0.0424]  Contingency[0.1649]  Expansion
