Comparison[0.1073]  EntRel[0.2488]  Expansion[0.2763]  NoRel[0.0176]  Temporal[0.0741]  Contingency[0.2759]  Expansion
Comparison[0.0967]  EntRel[0.1992]  Expansion[0.4209]  NoRel[0.0104]  Temporal[0.0579]  Contingency[0.2148]  Expansion
Comparison[0.1268]  EntRel[0.3413]  Expansion[0.3796]  NoRel[0.0098]  Temporal[0.0696]  Contingency[0.0729]  Expansion
Comparison[0.1139]  EntRel[0.2388]  Expansion[0.3448]  NoRel[0.0256]  Temporal[0.1403]  Contingency[0.1366]  Expansion
Comparison[0.0801]  EntRel[0.2208]  Expansion[0.4751]  NoRel[0.0058]  Temporal[0.0580]  Contingency[0.1602]  Expansion
Comparison[0.0952]  EntRel[0.2337]  Expansion[0.3883]  NoRel[0.0063]  Temporal[0.0478]  Contingency[0.2287]  Expansion
Comparison[0.2153]  EntRel[0.2942]  Expansion[0.2155]  NoRel[0.0100]  Temporal[0.1266]  Contingency[0.1384]  EntRel
Comparison[0.0853]  EntRel[0.1695]  Expansion[0.5062]  NoRel[0.0051]  Temporal[0.0550]  Contingency[0.1789]  Expansion
Comparison[0.1337]  EntRel[0.2530]  Expansion[0.4045]  NoRel[0.0182]  Temporal[0.0688]  Contingency[0.1218]  Expansion
Comparison[0.1336]  EntRel[0.1499]  Expansion[0.4421]  NoRel[0.0140]  Temporal[0.0368]  Contingency[0.2236]  Expansion
Comparison[0.1455]  EntRel[0.1445]  Expansion[0.2952]  NoRel[0.0048]  Temporal[0.0614]  Contingency[0.3487]  Contingency
Comparison[0.0714]  EntRel[0.2844]  Expansion[0.3267]  NoRel[0.0291]  Temporal[0.0829]  Contingency[0.2055]  Expansion
Comparison[0.1815]  EntRel[0.1873]  Expansion[0.4366]  NoRel[0.0286]  Temporal[0.0320]  Contingency[0.1340]  Expansion
Comparison[0.1142]  EntRel[0.2545]  Expansion[0.3961]  NoRel[0.0077]  Temporal[0.0311]  Contingency[0.1963]  Expansion
Comparison[0.0560]  EntRel[0.4164]  Expansion[0.3543]  NoRel[0.0167]  Temporal[0.0444]  Contingency[0.1121]  EntRel
Comparison[0.1027]  EntRel[0.2618]  Expansion[0.2968]  NoRel[0.0270]  Temporal[0.1567]  Contingency[0.1551]  Expansion
Comparison[0.1061]  EntRel[0.3100]  Expansion[0.4084]  NoRel[0.0119]  Temporal[0.0556]  Contingency[0.1081]  Expansion
Comparison[0.1224]  EntRel[0.1759]  Expansion[0.3568]  NoRel[0.0050]  Temporal[0.0384]  Contingency[0.3016]  Expansion
Comparison[0.1204]  EntRel[0.2067]  Expansion[0.4763]  NoRel[0.0099]  Temporal[0.0287]  Contingency[0.1580]  Expansion
Comparison[0.0742]  EntRel[0.2034]  Expansion[0.5005]  NoRel[0.0026]  Temporal[0.1450]  Contingency[0.0744]  Expansion
Comparison[0.0729]  EntRel[0.3225]  Expansion[0.3663]  NoRel[0.0086]  Temporal[0.1554]  Contingency[0.0743]  Expansion
Comparison[0.1148]  EntRel[0.4746]  Expansion[0.2456]  NoRel[0.0355]  Temporal[0.0596]  Contingency[0.0699]  EntRel
Comparison[0.0907]  EntRel[0.3799]  Expansion[0.2828]  NoRel[0.0209]  Temporal[0.0653]  Contingency[0.1604]  EntRel
Comparison[0.1159]  EntRel[0.2001]  Expansion[0.3646]  NoRel[0.0098]  Temporal[0.0625]  Contingency[0.2470]  Expansion
Comparison[0.0683]  EntRel[0.3228]  Expansion[0.3840]  NoRel[0.0063]  Temporal[0.0395]  Contingency[0.1792]  Expansion
Comparison[0.0964]  EntRel[0.2759]  Expansion[0.4664]  NoRel[0.0164]  Temporal[0.0211]  Contingency[0.1238]  Expansion
Comparison[0.1637]  EntRel[0.3407]  Expansion[0.4574]  NoRel[0.0036]  Temporal[0.0162]  Contingency[0.0184]  Expansion
Comparison[0.2466]  EntRel[0.2286]  Expansion[0.3778]  NoRel[0.0100]  Temporal[0.0750]  Contingency[0.0620]  Expansion
Comparison[0.1297]  EntRel[0.5830]  Expansion[0.1610]  NoRel[0.0053]  Temporal[0.1065]  Contingency[0.0145]  EntRel
Comparison[0.1693]  EntRel[0.3517]  Expansion[0.2676]  NoRel[0.0028]  Temporal[0.1801]  Contingency[0.0286]  EntRel
Comparison[0.0713]  EntRel[0.3202]  Expansion[0.3887]  NoRel[0.0118]  Temporal[0.0708]  Contingency[0.1372]  Expansion
Comparison[0.0566]  EntRel[0.2683]  Expansion[0.5204]  NoRel[0.0033]  Temporal[0.0933]  Contingency[0.0581]  Expansion
Comparison[0.0365]  EntRel[0.5093]  Expansion[0.3486]  NoRel[0.0110]  Temporal[0.0186]  Contingency[0.0759]  EntRel
Comparison[0.1804]  EntRel[0.2161]  Expansion[0.4627]  NoRel[0.0107]  Temporal[0.0804]  Contingency[0.0497]  Expansion
Comparison[0.0669]  EntRel[0.2368]  Expansion[0.3734]  NoRel[0.0048]  Temporal[0.1121]  Contingency[0.2060]  Expansion
Comparison[0.2091]  EntRel[0.3166]  Expansion[0.3066]  NoRel[0.0084]  Temporal[0.0640]  Contingency[0.0953]  EntRel
Comparison[0.1230]  EntRel[0.2433]  Expansion[0.3652]  NoRel[0.0150]  Temporal[0.0207]  Contingency[0.2329]  Expansion
Comparison[0.2027]  EntRel[0.2155]  Expansion[0.3528]  NoRel[0.0120]  Temporal[0.0337]  Contingency[0.1833]  Expansion
Comparison[0.0840]  EntRel[0.1062]  Expansion[0.5248]  NoRel[0.0035]  Temporal[0.0121]  Contingency[0.2694]  Expansion
Comparison[0.0945]  EntRel[0.1487]  Expansion[0.5722]  NoRel[0.0047]  Temporal[0.0553]  Contingency[0.1246]  Expansion
Comparison[0.1137]  EntRel[0.1615]  Expansion[0.5734]  NoRel[0.0018]  Temporal[0.0923]  Contingency[0.0573]  Expansion
Comparison[0.0976]  EntRel[0.1247]  Expansion[0.5705]  NoRel[0.0027]  Temporal[0.0327]  Contingency[0.1717]  Expansion
Comparison[0.0594]  EntRel[0.1122]  Expansion[0.4861]  NoRel[0.0019]  Temporal[0.0291]  Contingency[0.3113]  Expansion
Comparison[0.0579]  EntRel[0.1727]  Expansion[0.5932]  NoRel[0.0023]  Temporal[0.0220]  Contingency[0.1519]  Expansion
Comparison[0.0413]  EntRel[0.2922]  Expansion[0.5935]  NoRel[0.0013]  Temporal[0.0073]  Contingency[0.0645]  Expansion
Comparison[0.1681]  EntRel[0.1572]  Expansion[0.4092]  NoRel[0.0018]  Temporal[0.0228]  Contingency[0.2409]  Expansion
Comparison[0.0928]  EntRel[0.2287]  Expansion[0.4292]  NoRel[0.0140]  Temporal[0.1130]  Contingency[0.1222]  Expansion
Comparison[0.1224]  EntRel[0.3090]  Expansion[0.4027]  NoRel[0.0020]  Temporal[0.0953]  Contingency[0.0684]  Expansion
Comparison[0.1612]  EntRel[0.2518]  Expansion[0.3908]  NoRel[0.0005]  Temporal[0.0438]  Contingency[0.1519]  Expansion
Comparison[0.0748]  EntRel[0.1888]  Expansion[0.5040]  NoRel[0.0032]  Temporal[0.0239]  Contingency[0.2053]  Expansion
Comparison[0.0628]  EntRel[0.0832]  Expansion[0.4489]  NoRel[0.0004]  Temporal[0.0013]  Contingency[0.4035]  Expansion
Comparison[0.0958]  EntRel[0.2026]  Expansion[0.3640]  NoRel[0.0045]  Temporal[0.0122]  Contingency[0.3210]  Expansion
Comparison[0.0503]  EntRel[0.5884]  Expansion[0.1938]  NoRel[0.0167]  Temporal[0.0871]  Contingency[0.0637]  EntRel
Comparison[0.0677]  EntRel[0.1867]  Expansion[0.4721]  NoRel[0.0034]  Temporal[0.0474]  Contingency[0.2227]  Expansion
Comparison[0.0970]  EntRel[0.3059]  Expansion[0.3330]  NoRel[0.0132]  Temporal[0.0932]  Contingency[0.1577]  Expansion
Comparison[0.0893]  EntRel[0.1536]  Expansion[0.3372]  NoRel[0.0014]  Temporal[0.0265]  Contingency[0.3919]  Contingency
Comparison[0.1776]  EntRel[0.0888]  Expansion[0.5626]  NoRel[0.0010]  Temporal[0.0116]  Contingency[0.1584]  Expansion
Comparison[0.1158]  EntRel[0.3588]  Expansion[0.3432]  NoRel[0.0095]  Temporal[0.0839]  Contingency[0.0887]  EntRel
Comparison[0.1648]  EntRel[0.1129]  Expansion[0.3724]  NoRel[0.0167]  Temporal[0.0496]  Contingency[0.2836]  Expansion
Comparison[0.1109]  EntRel[0.2814]  Expansion[0.3067]  NoRel[0.0438]  Temporal[0.0599]  Contingency[0.1973]  Expansion
Comparison[0.1889]  EntRel[0.1692]  Expansion[0.3575]  NoRel[0.0096]  Temporal[0.0248]  Contingency[0.2500]  Expansion
Comparison[0.0873]  EntRel[0.2081]  Expansion[0.4608]  NoRel[0.0039]  Temporal[0.0664]  Contingency[0.1735]  Expansion
Comparison[0.1027]  EntRel[0.2121]  Expansion[0.4692]  NoRel[0.0068]  Temporal[0.0636]  Contingency[0.1456]  Expansion
Comparison[0.1013]  EntRel[0.2273]  Expansion[0.4225]  NoRel[0.0080]  Temporal[0.0749]  Contingency[0.1660]  Expansion
Comparison[0.0713]  EntRel[0.4818]  Expansion[0.2516]  NoRel[0.0154]  Temporal[0.0877]  Contingency[0.0922]  EntRel
Comparison[0.1189]  EntRel[0.1900]  Expansion[0.5354]  NoRel[0.0119]  Temporal[0.1067]  Contingency[0.0372]  Expansion
Comparison[0.1902]  EntRel[0.1597]  Expansion[0.5271]  NoRel[0.0101]  Temporal[0.0924]  Contingency[0.0205]  Expansion
Comparison[0.1317]  EntRel[0.2924]  Expansion[0.4528]  NoRel[0.0241]  Temporal[0.0636]  Contingency[0.0355]  Expansion
Comparison[0.0876]  EntRel[0.2186]  Expansion[0.4743]  NoRel[0.0052]  Temporal[0.1264]  Contingency[0.0880]  Expansion
Comparison[0.1207]  EntRel[0.2857]  Expansion[0.3290]  NoRel[0.0167]  Temporal[0.0937]  Contingency[0.1542]  Expansion
Comparison[0.1149]  EntRel[0.3066]  Expansion[0.2382]  NoRel[0.0508]  Temporal[0.1840]  Contingency[0.1055]  EntRel
Comparison[0.1711]  EntRel[0.1798]  Expansion[0.3970]  NoRel[0.0129]  Temporal[0.1294]  Contingency[0.1098]  Expansion
Comparison[0.0659]  EntRel[0.4166]  Expansion[0.3732]  NoRel[0.0027]  Temporal[0.1047]  Contingency[0.0370]  EntRel
Comparison[0.0893]  EntRel[0.3364]  Expansion[0.3956]  NoRel[0.0015]  Temporal[0.0941]  Contingency[0.0832]  Expansion
Comparison[0.0908]  EntRel[0.3100]  Expansion[0.4048]  NoRel[0.0077]  Temporal[0.0854]  Contingency[0.1014]  Expansion
Comparison[0.0484]  EntRel[0.3282]  Expansion[0.5055]  NoRel[0.0059]  Temporal[0.0361]  Contingency[0.0761]  Expansion
Comparison[0.1164]  EntRel[0.3618]  Expansion[0.3559]  NoRel[0.0097]  Temporal[0.0427]  Contingency[0.1136]  EntRel
Comparison[0.0950]  EntRel[0.2241]  Expansion[0.3890]  NoRel[0.0420]  Temporal[0.1184]  Contingency[0.1315]  Expansion
Comparison[0.1223]  EntRel[0.2175]  Expansion[0.5483]  NoRel[0.0054]  Temporal[0.0962]  Contingency[0.0103]  Expansion
Comparison[0.0931]  EntRel[0.2096]  Expansion[0.3654]  NoRel[0.0150]  Temporal[0.2387]  Contingency[0.0782]  Expansion
Comparison[0.0896]  EntRel[0.2241]  Expansion[0.4202]  NoRel[0.0123]  Temporal[0.1229]  Contingency[0.1309]  Expansion
Comparison[0.0778]  EntRel[0.2737]  Expansion[0.4436]  NoRel[0.0129]  Temporal[0.0949]  Contingency[0.0971]  Expansion
Comparison[0.1515]  EntRel[0.2464]  Expansion[0.3203]  NoRel[0.0130]  Temporal[0.1179]  Contingency[0.1510]  Expansion
Comparison[0.0692]  EntRel[0.2241]  Expansion[0.4047]  NoRel[0.0058]  Temporal[0.1235]  Contingency[0.1727]  Expansion
Comparison[0.0747]  EntRel[0.3132]  Expansion[0.3270]  NoRel[0.0182]  Temporal[0.1002]  Contingency[0.1668]  Expansion
Comparison[0.0527]  EntRel[0.2477]  Expansion[0.4668]  NoRel[0.0064]  Temporal[0.0089]  Contingency[0.2174]  Expansion
Comparison[0.0722]  EntRel[0.1023]  Expansion[0.5490]  NoRel[0.0004]  Temporal[0.0064]  Contingency[0.2697]  Expansion
Comparison[0.1445]  EntRel[0.2138]  Expansion[0.2852]  NoRel[0.0526]  Temporal[0.0757]  Contingency[0.2282]  Expansion
Comparison[0.1128]  EntRel[0.2910]  Expansion[0.4026]  NoRel[0.0047]  Temporal[0.0627]  Contingency[0.1262]  Expansion
Comparison[0.0632]  EntRel[0.2429]  Expansion[0.3902]  NoRel[0.0290]  Temporal[0.1412]  Contingency[0.1335]  Expansion
Comparison[0.0925]  EntRel[0.5212]  Expansion[0.1697]  NoRel[0.0265]  Temporal[0.1018]  Contingency[0.0883]  EntRel
Comparison[0.1292]  EntRel[0.3862]  Expansion[0.2831]  NoRel[0.0315]  Temporal[0.0543]  Contingency[0.1156]  EntRel
Comparison[0.1774]  EntRel[0.3083]  Expansion[0.2502]  NoRel[0.0442]  Temporal[0.0902]  Contingency[0.1296]  EntRel
Comparison[0.0548]  EntRel[0.1704]  Expansion[0.5668]  NoRel[0.0091]  Temporal[0.0142]  Contingency[0.1846]  Expansion
Comparison[0.1142]  EntRel[0.4666]  Expansion[0.1921]  NoRel[0.0594]  Temporal[0.0834]  Contingency[0.0843]  EntRel
Comparison[0.1527]  EntRel[0.2276]  Expansion[0.4663]  NoRel[0.0039]  Temporal[0.0327]  Contingency[0.1167]  Expansion
Comparison[0.1067]  EntRel[0.3202]  Expansion[0.3060]  NoRel[0.0525]  Temporal[0.0563]  Contingency[0.1583]  EntRel
Comparison[0.1582]  EntRel[0.3600]  Expansion[0.1664]  NoRel[0.1081]  Temporal[0.1347]  Contingency[0.0726]  EntRel
Comparison[0.0904]  EntRel[0.2454]  Expansion[0.2750]  NoRel[0.1574]  Temporal[0.0658]  Contingency[0.1660]  Expansion
Comparison[0.1017]  EntRel[0.1645]  Expansion[0.4538]  NoRel[0.0195]  Temporal[0.0976]  Contingency[0.1628]  Expansion
Comparison[0.1217]  EntRel[0.3019]  Expansion[0.2588]  NoRel[0.1025]  Temporal[0.1079]  Contingency[0.1071]  EntRel
Comparison[0.3126]  EntRel[0.2816]  Expansion[0.1427]  NoRel[0.0425]  Temporal[0.1454]  Contingency[0.0750]  Comparison
Comparison[0.0673]  EntRel[0.2186]  Expansion[0.3035]  NoRel[0.0474]  Temporal[0.1578]  Contingency[0.2054]  Expansion
Comparison[0.0538]  EntRel[0.3738]  Expansion[0.2870]  NoRel[0.0046]  Temporal[0.0750]  Contingency[0.2058]  EntRel
Comparison[0.1182]  EntRel[0.2750]  Expansion[0.3983]  NoRel[0.0157]  Temporal[0.0668]  Contingency[0.1259]  Expansion
Comparison[0.1328]  EntRel[0.2514]  Expansion[0.3585]  NoRel[0.0404]  Temporal[0.1029]  Contingency[0.1139]  Expansion
Comparison[0.1121]  EntRel[0.3182]  Expansion[0.2842]  NoRel[0.0647]  Temporal[0.0722]  Contingency[0.1488]  EntRel
Comparison[0.1399]  EntRel[0.3774]  Expansion[0.3231]  NoRel[0.0147]  Temporal[0.0634]  Contingency[0.0814]  EntRel
Comparison[0.0841]  EntRel[0.2087]  Expansion[0.4182]  NoRel[0.0191]  Temporal[0.0629]  Contingency[0.2069]  Expansion
Comparison[0.2152]  EntRel[0.1980]  Expansion[0.3930]  NoRel[0.0131]  Temporal[0.0493]  Contingency[0.1315]  Expansion
Comparison[0.0902]  EntRel[0.1854]  Expansion[0.4933]  NoRel[0.0047]  Temporal[0.0039]  Contingency[0.2225]  Expansion
Comparison[0.0951]  EntRel[0.3213]  Expansion[0.3603]  NoRel[0.0219]  Temporal[0.0505]  Contingency[0.1508]  Expansion
Comparison[0.1511]  EntRel[0.2137]  Expansion[0.4231]  NoRel[0.0148]  Temporal[0.0739]  Contingency[0.1234]  Expansion
Comparison[0.0761]  EntRel[0.2063]  Expansion[0.2769]  NoRel[0.0404]  Temporal[0.0388]  Contingency[0.3615]  Contingency
Comparison[0.1130]  EntRel[0.4738]  Expansion[0.2438]  NoRel[0.0183]  Temporal[0.0582]  Contingency[0.0928]  EntRel
Comparison[0.0839]  EntRel[0.2171]  Expansion[0.4624]  NoRel[0.0237]  Temporal[0.0579]  Contingency[0.1549]  Expansion
Comparison[0.1645]  EntRel[0.2216]  Expansion[0.2714]  NoRel[0.0146]  Temporal[0.0604]  Contingency[0.2675]  Expansion
Comparison[0.1469]  EntRel[0.2202]  Expansion[0.2817]  NoRel[0.0433]  Temporal[0.1231]  Contingency[0.1847]  Expansion
Comparison[0.1351]  EntRel[0.2728]  Expansion[0.2756]  NoRel[0.0704]  Temporal[0.1271]  Contingency[0.1190]  Expansion
Comparison[0.1166]  EntRel[0.3852]  Expansion[0.2270]  NoRel[0.0769]  Temporal[0.0787]  Contingency[0.1156]  EntRel
Comparison[0.1718]  EntRel[0.3480]  Expansion[0.3441]  NoRel[0.0136]  Temporal[0.0422]  Contingency[0.0803]  EntRel
