Comparison[0.0906]  EntRel[0.3102]  Expansion[0.3653]  NoRel[0.0096]  Temporal[0.0384]  Contingency[0.1859]  Expansion
Comparison[0.1363]  EntRel[0.1318]  Expansion[0.3737]  NoRel[0.0060]  Temporal[0.0565]  Contingency[0.2957]  Expansion
Comparison[0.1101]  EntRel[0.2306]  Expansion[0.3294]  NoRel[0.0105]  Temporal[0.0479]  Contingency[0.2715]  Expansion
Comparison[0.1049]  EntRel[0.2411]  Expansion[0.3489]  NoRel[0.0141]  Temporal[0.0573]  Contingency[0.2337]  Expansion
Comparison[0.1406]  EntRel[0.1615]  Expansion[0.3887]  NoRel[0.0892]  Temporal[0.0620]  Contingency[0.1581]  Expansion
Comparison[0.1129]  EntRel[0.3046]  Expansion[0.3579]  NoRel[0.0289]  Temporal[0.0602]  Contingency[0.1355]  Expansion
Comparison[0.1087]  EntRel[0.2340]  Expansion[0.2977]  NoRel[0.0560]  Temporal[0.1649]  Contingency[0.1387]  Expansion
Comparison[0.1239]  EntRel[0.1377]  Expansion[0.4454]  NoRel[0.0035]  Temporal[0.0987]  Contingency[0.1909]  Expansion
Comparison[0.0972]  EntRel[0.1638]  Expansion[0.4209]  NoRel[0.0076]  Temporal[0.0518]  Contingency[0.2587]  Expansion
Comparison[0.2184]  EntRel[0.3038]  Expansion[0.3171]  NoRel[0.0102]  Temporal[0.0513]  Contingency[0.0992]  Expansion
Comparison[0.1420]  EntRel[0.1436]  Expansion[0.4720]  NoRel[0.0058]  Temporal[0.0310]  Contingency[0.2056]  Expansion
Comparison[0.1374]  EntRel[0.1248]  Expansion[0.4875]  NoRel[0.0082]  Temporal[0.0593]  Contingency[0.1829]  Expansion
Comparison[0.3101]  EntRel[0.0807]  Expansion[0.2697]  NoRel[0.0011]  Temporal[0.0093]  Contingency[0.3291]  Contingency
Comparison[0.0851]  EntRel[0.1103]  Expansion[0.4406]  NoRel[0.0009]  Temporal[0.0094]  Contingency[0.3537]  Expansion
Comparison[0.1755]  EntRel[0.1316]  Expansion[0.4210]  NoRel[0.0215]  Temporal[0.0347]  Contingency[0.2156]  Expansion
Comparison[0.1242]  EntRel[0.2438]  Expansion[0.3917]  NoRel[0.0171]  Temporal[0.0238]  Contingency[0.1994]  Expansion
Comparison[0.1876]  EntRel[0.1690]  Expansion[0.4590]  NoRel[0.0063]  Temporal[0.0319]  Contingency[0.1462]  Expansion
Comparison[0.0747]  EntRel[0.0721]  Expansion[0.5542]  NoRel[0.0117]  Temporal[0.0113]  Contingency[0.2760]  Expansion
Comparison[0.0351]  EntRel[0.2124]  Expansion[0.3419]  NoRel[0.0007]  Temporal[0.0027]  Contingency[0.4071]  Contingency
Comparison[0.0479]  EntRel[0.4013]  Expansion[0.3350]  NoRel[0.0104]  Temporal[0.1388]  Contingency[0.0666]  EntRel
Comparison[0.0666]  EntRel[0.4396]  Expansion[0.2696]  NoRel[0.0110]  Temporal[0.0973]  Contingency[0.1158]  EntRel
Comparison[0.0610]  EntRel[0.2473]  Expansion[0.4470]  NoRel[0.0052]  Temporal[0.1017]  Contingency[0.1380]  Expansion
Comparison[0.4357]  EntRel[0.1964]  Expansion[0.2706]  NoRel[0.0064]  Temporal[0.0677]  Contingency[0.0233]  Comparison
Comparison[0.0789]  EntRel[0.2904]  Expansion[0.3752]  NoRel[0.0166]  Temporal[0.1058]  Contingency[0.1332]  Expansion
Comparison[0.0660]  EntRel[0.3080]  Expansion[0.2950]  NoRel[0.0110]  Temporal[0.1960]  Contingency[0.1240]  EntRel
Comparison[0.0649]  EntRel[0.2299]  Expansion[0.3601]  NoRel[0.0033]  Temporal[0.2289]  Contingency[0.1130]  Expansion
Comparison[0.1070]  EntRel[0.2452]  Expansion[0.3405]  NoRel[0.0052]  Temporal[0.1180]  Contingency[0.1841]  Expansion
Comparison[0.0683]  EntRel[0.1677]  Expansion[0.5053]  NoRel[0.0023]  Temporal[0.1647]  Contingency[0.0917]  Expansion
Comparison[0.0896]  EntRel[0.2235]  Expansion[0.3671]  NoRel[0.0033]  Temporal[0.1895]  Contingency[0.1271]  Expansion
Comparison[0.0748]  EntRel[0.1997]  Expansion[0.4680]  NoRel[0.0046]  Temporal[0.1924]  Contingency[0.0605]  Expansion
Comparison[0.0662]  EntRel[0.2869]  Expansion[0.5348]  NoRel[0.0040]  Temporal[0.0660]  Contingency[0.0420]  Expansion
Comparison[0.0478]  EntRel[0.3766]  Expansion[0.3373]  NoRel[0.0030]  Temporal[0.1682]  Contingency[0.0670]  EntRel
Comparison[0.1319]  EntRel[0.2250]  Expansion[0.3965]  NoRel[0.0114]  Temporal[0.0577]  Contingency[0.1775]  Expansion
Comparison[0.1015]  EntRel[0.2543]  Expansion[0.3933]  NoRel[0.0252]  Temporal[0.1425]  Contingency[0.0832]  Expansion
Comparison[0.0670]  EntRel[0.2663]  Expansion[0.4088]  NoRel[0.0088]  Temporal[0.1147]  Contingency[0.1344]  Expansion
Comparison[0.0708]  EntRel[0.3723]  Expansion[0.3425]  NoRel[0.0152]  Temporal[0.1085]  Contingency[0.0907]  EntRel
Comparison[0.1155]  EntRel[0.2458]  Expansion[0.3420]  NoRel[0.0031]  Temporal[0.1202]  Contingency[0.1734]  Expansion
Comparison[0.0638]  EntRel[0.1085]  Expansion[0.7676]  NoRel[0.0009]  Temporal[0.0177]  Contingency[0.0415]  Expansion
Comparison[0.2374]  EntRel[0.2215]  Expansion[0.2832]  NoRel[0.0112]  Temporal[0.1161]  Contingency[0.1306]  Expansion
Comparison[0.0475]  EntRel[0.1810]  Expansion[0.3150]  NoRel[0.0135]  Temporal[0.1371]  Contingency[0.3060]  Expansion
Comparison[0.0867]  EntRel[0.3255]  Expansion[0.3227]  NoRel[0.0915]  Temporal[0.0604]  Contingency[0.1132]  EntRel
Comparison[0.1095]  EntRel[0.1813]  Expansion[0.4609]  NoRel[0.0020]  Temporal[0.0802]  Contingency[0.1661]  Expansion
Comparison[0.1039]  EntRel[0.1334]  Expansion[0.4027]  NoRel[0.0005]  Temporal[0.0146]  Contingency[0.3449]  Expansion
Comparison[0.0954]  EntRel[0.0620]  Expansion[0.4996]  NoRel[0.0002]  Temporal[0.0056]  Contingency[0.3372]  Expansion
Comparison[0.1194]  EntRel[0.0634]  Expansion[0.7027]  NoRel[0.0010]  Temporal[0.0307]  Contingency[0.0829]  Expansion
Comparison[0.3065]  EntRel[0.0681]  Expansion[0.3521]  NoRel[0.0013]  Temporal[0.2645]  Contingency[0.0075]  Expansion
Comparison[0.1102]  EntRel[0.2250]  Expansion[0.3671]  NoRel[0.0242]  Temporal[0.0592]  Contingency[0.2143]  Expansion
Comparison[0.1132]  EntRel[0.1574]  Expansion[0.4876]  NoRel[0.0118]  Temporal[0.0503]  Contingency[0.1797]  Expansion
Comparison[0.0862]  EntRel[0.1383]  Expansion[0.3905]  NoRel[0.0057]  Temporal[0.0406]  Contingency[0.3387]  Expansion
Comparison[0.1392]  EntRel[0.1940]  Expansion[0.2874]  NoRel[0.0099]  Temporal[0.0649]  Contingency[0.3046]  Contingency
Comparison[0.0785]  EntRel[0.2102]  Expansion[0.3596]  NoRel[0.0041]  Temporal[0.0323]  Contingency[0.3153]  Expansion
Comparison[0.0831]  EntRel[0.1458]  Expansion[0.3016]  NoRel[0.0036]  Temporal[0.0555]  Contingency[0.4104]  Contingency
Comparison[0.1322]  EntRel[0.0943]  Expansion[0.3597]  NoRel[0.0056]  Temporal[0.0192]  Contingency[0.3889]  Contingency
Comparison[0.1088]  EntRel[0.1503]  Expansion[0.3775]  NoRel[0.0010]  Temporal[0.0375]  Contingency[0.3248]  Expansion
Comparison[0.0382]  EntRel[0.3971]  Expansion[0.3966]  NoRel[0.0077]  Temporal[0.0253]  Contingency[0.1351]  EntRel
Comparison[0.1270]  EntRel[0.4547]  Expansion[0.2219]  NoRel[0.0006]  Temporal[0.0064]  Contingency[0.1893]  EntRel
Comparison[0.0795]  EntRel[0.2016]  Expansion[0.4665]  NoRel[0.0026]  Temporal[0.0210]  Contingency[0.2289]  Expansion
Comparison[0.0860]  EntRel[0.2772]  Expansion[0.4060]  NoRel[0.0128]  Temporal[0.0160]  Contingency[0.2019]  Expansion
Comparison[0.0718]  EntRel[0.3252]  Expansion[0.4413]  NoRel[0.0083]  Temporal[0.0080]  Contingency[0.1454]  Expansion
Comparison[0.0725]  EntRel[0.1555]  Expansion[0.5598]  NoRel[0.0019]  Temporal[0.0253]  Contingency[0.1850]  Expansion
Comparison[0.1098]  EntRel[0.2175]  Expansion[0.3101]  NoRel[0.0108]  Temporal[0.2177]  Contingency[0.1340]  Expansion
Comparison[0.0863]  EntRel[0.1020]  Expansion[0.4836]  NoRel[0.0040]  Temporal[0.0271]  Contingency[0.2970]  Expansion
Comparison[0.0893]  EntRel[0.2071]  Expansion[0.5866]  NoRel[0.0051]  Temporal[0.0283]  Contingency[0.0836]  Expansion
Comparison[0.0997]  EntRel[0.1636]  Expansion[0.5022]  NoRel[0.0021]  Temporal[0.0203]  Contingency[0.2121]  Expansion
Comparison[0.0668]  EntRel[0.1180]  Expansion[0.6595]  NoRel[0.0027]  Temporal[0.0437]  Contingency[0.1092]  Expansion
Comparison[0.1119]  EntRel[0.2398]  Expansion[0.2871]  NoRel[0.0174]  Temporal[0.0313]  Contingency[0.3124]  Contingency
Comparison[0.0550]  EntRel[0.2862]  Expansion[0.5383]  NoRel[0.0175]  Temporal[0.0044]  Contingency[0.0986]  Expansion
Comparison[0.1547]  EntRel[0.1027]  Expansion[0.6480]  NoRel[0.0085]  Temporal[0.0324]  Contingency[0.0538]  Expansion
Comparison[0.1260]  EntRel[0.2491]  Expansion[0.3681]  NoRel[0.0164]  Temporal[0.0452]  Contingency[0.1953]  Expansion
Comparison[0.1281]  EntRel[0.3104]  Expansion[0.2901]  NoRel[0.0142]  Temporal[0.0731]  Contingency[0.1842]  EntRel
Comparison[0.0957]  EntRel[0.2184]  Expansion[0.4496]  NoRel[0.0115]  Temporal[0.0647]  Contingency[0.1602]  Expansion
Comparison[0.1103]  EntRel[0.0995]  Expansion[0.6652]  NoRel[0.0034]  Temporal[0.0158]  Contingency[0.1057]  Expansion
Comparison[0.1118]  EntRel[0.3043]  Expansion[0.3847]  NoRel[0.0039]  Temporal[0.0254]  Contingency[0.1698]  Expansion
Comparison[0.0837]  EntRel[0.1117]  Expansion[0.6599]  NoRel[0.0029]  Temporal[0.0133]  Contingency[0.1285]  Expansion
Comparison[0.0518]  EntRel[0.1830]  Expansion[0.6391]  NoRel[0.0029]  Temporal[0.0041]  Contingency[0.1191]  Expansion
Comparison[0.0900]  EntRel[0.3718]  Expansion[0.3348]  NoRel[0.0154]  Temporal[0.0170]  Contingency[0.1711]  EntRel
Comparison[0.0952]  EntRel[0.2365]  Expansion[0.4418]  NoRel[0.0138]  Temporal[0.0634]  Contingency[0.1493]  Expansion
Comparison[0.0564]  EntRel[0.2935]  Expansion[0.4256]  NoRel[0.0129]  Temporal[0.0061]  Contingency[0.2054]  Expansion
Comparison[0.0814]  EntRel[0.2967]  Expansion[0.3068]  NoRel[0.0026]  Temporal[0.0105]  Contingency[0.3020]  Expansion
Comparison[0.0636]  EntRel[0.2416]  Expansion[0.4250]  NoRel[0.0047]  Temporal[0.0408]  Contingency[0.2243]  Expansion
Comparison[0.1115]  EntRel[0.1609]  Expansion[0.4551]  NoRel[0.0015]  Temporal[0.0135]  Contingency[0.2575]  Expansion
Comparison[0.1553]  EntRel[0.2116]  Expansion[0.3302]  NoRel[0.0092]  Temporal[0.0086]  Contingency[0.2851]  Expansion
Comparison[0.0520]  EntRel[0.1666]  Expansion[0.4601]  NoRel[0.0016]  Temporal[0.0031]  Contingency[0.3167]  Expansion
Comparison[0.1127]  EntRel[0.1549]  Expansion[0.4945]  NoRel[0.0062]  Temporal[0.0342]  Contingency[0.1975]  Expansion
Comparison[0.1623]  EntRel[0.1615]  Expansion[0.2795]  NoRel[0.0047]  Temporal[0.0174]  Contingency[0.3747]  Contingency
Comparison[0.0928]  EntRel[0.0966]  Expansion[0.3865]  NoRel[0.0010]  Temporal[0.0183]  Contingency[0.4047]  Contingency
Comparison[0.0831]  EntRel[0.1455]  Expansion[0.4578]  NoRel[0.0057]  Temporal[0.0340]  Contingency[0.2739]  Expansion
Comparison[0.1568]  EntRel[0.0675]  Expansion[0.3584]  NoRel[0.0015]  Temporal[0.0441]  Contingency[0.3717]  Contingency
Comparison[0.0793]  EntRel[0.1500]  Expansion[0.4209]  NoRel[0.0275]  Temporal[0.0314]  Contingency[0.2911]  Expansion
Comparison[0.1287]  EntRel[0.2564]  Expansion[0.3867]  NoRel[0.0070]  Temporal[0.1026]  Contingency[0.1185]  Expansion
Comparison[0.1487]  EntRel[0.0663]  Expansion[0.4594]  NoRel[0.0012]  Temporal[0.0106]  Contingency[0.3138]  Expansion
Comparison[0.2506]  EntRel[0.1059]  Expansion[0.3594]  NoRel[0.0050]  Temporal[0.0476]  Contingency[0.2316]  Expansion
Comparison[0.0393]  EntRel[0.0807]  Expansion[0.6368]  NoRel[0.0037]  Temporal[0.0083]  Contingency[0.2312]  Expansion
Comparison[0.0858]  EntRel[0.1316]  Expansion[0.4025]  NoRel[0.0017]  Temporal[0.0088]  Contingency[0.3697]  Expansion
Comparison[0.1789]  EntRel[0.1211]  Expansion[0.3933]  NoRel[0.0015]  Temporal[0.0159]  Contingency[0.2893]  Expansion
Comparison[0.1714]  EntRel[0.1005]  Expansion[0.4025]  NoRel[0.0006]  Temporal[0.0097]  Contingency[0.3153]  Expansion
Comparison[0.0929]  EntRel[0.1804]  Expansion[0.3329]  NoRel[0.0043]  Temporal[0.0175]  Contingency[0.3719]  Contingency
Comparison[0.0995]  EntRel[0.2505]  Expansion[0.3965]  NoRel[0.0087]  Temporal[0.0307]  Contingency[0.2142]  Expansion
Comparison[0.1330]  EntRel[0.1943]  Expansion[0.4185]  NoRel[0.0061]  Temporal[0.0608]  Contingency[0.1872]  Expansion
Comparison[0.1043]  EntRel[0.1493]  Expansion[0.4819]  NoRel[0.0091]  Temporal[0.0190]  Contingency[0.2363]  Expansion
Comparison[0.0556]  EntRel[0.3445]  Expansion[0.3010]  NoRel[0.0064]  Temporal[0.0278]  Contingency[0.2646]  EntRel
Comparison[0.0861]  EntRel[0.3607]  Expansion[0.2398]  NoRel[0.1001]  Temporal[0.0710]  Contingency[0.1424]  EntRel
Comparison[0.1453]  EntRel[0.3837]  Expansion[0.1758]  NoRel[0.0979]  Temporal[0.1360]  Contingency[0.0612]  EntRel
Comparison[0.1318]  EntRel[0.3170]  Expansion[0.2500]  NoRel[0.0388]  Temporal[0.1558]  Contingency[0.1067]  EntRel
Comparison[0.0725]  EntRel[0.1783]  Expansion[0.5454]  NoRel[0.0083]  Temporal[0.0150]  Contingency[0.1805]  Expansion
Comparison[0.1408]  EntRel[0.3094]  Expansion[0.2392]  NoRel[0.0811]  Temporal[0.0934]  Contingency[0.1361]  EntRel
Comparison[0.1453]  EntRel[0.3837]  Expansion[0.1758]  NoRel[0.0979]  Temporal[0.1360]  Contingency[0.0612]  EntRel
Comparison[0.1318]  EntRel[0.3170]  Expansion[0.2500]  NoRel[0.0388]  Temporal[0.1558]  Contingency[0.1067]  EntRel
Comparison[0.0725]  EntRel[0.1783]  Expansion[0.5454]  NoRel[0.0083]  Temporal[0.0150]  Contingency[0.1805]  Expansion
Comparison[0.1242]  EntRel[0.3369]  Expansion[0.3232]  NoRel[0.0461]  Temporal[0.1074]  Contingency[0.0621]  EntRel
