Comparison[0.1785]  EntRel[0.3132]  Expansion[0.2936]  NoRel[0.0076]  Temporal[0.0307]  Contingency[0.1765]  EntRel
Comparison[0.1016]  EntRel[0.0695]  Expansion[0.5107]  NoRel[0.0142]  Temporal[0.0164]  Contingency[0.2876]  Expansion
Comparison[0.0704]  EntRel[0.1076]  Expansion[0.4732]  NoRel[0.0008]  Temporal[0.0368]  Contingency[0.3113]  Expansion
Comparison[0.1045]  EntRel[0.2410]  Expansion[0.2960]  NoRel[0.0222]  Temporal[0.1929]  Contingency[0.1434]  Expansion
Comparison[0.1173]  EntRel[0.2025]  Expansion[0.3942]  NoRel[0.0233]  Temporal[0.0238]  Contingency[0.2389]  Expansion
Comparison[0.0722]  EntRel[0.1658]  Expansion[0.5108]  NoRel[0.0058]  Temporal[0.0081]  Contingency[0.2373]  Expansion
Comparison[0.0713]  EntRel[0.1031]  Expansion[0.5221]  NoRel[0.0055]  Temporal[0.0167]  Contingency[0.2814]  Expansion
Comparison[0.2531]  EntRel[0.2648]  Expansion[0.3060]  NoRel[0.0027]  Temporal[0.0489]  Contingency[0.1244]  Expansion
Comparison[0.1482]  EntRel[0.2810]  Expansion[0.3692]  NoRel[0.0109]  Temporal[0.0240]  Contingency[0.1666]  Expansion
Comparison[0.0744]  EntRel[0.0992]  Expansion[0.5793]  NoRel[0.0012]  Temporal[0.0146]  Contingency[0.2313]  Expansion
Comparison[0.1234]  EntRel[0.1503]  Expansion[0.5594]  NoRel[0.0015]  Temporal[0.0121]  Contingency[0.1534]  Expansion
Comparison[0.1559]  EntRel[0.2466]  Expansion[0.3158]  NoRel[0.0339]  Temporal[0.0164]  Contingency[0.2314]  Expansion
Comparison[0.0485]  EntRel[0.2579]  Expansion[0.5008]  NoRel[0.0246]  Temporal[0.0097]  Contingency[0.1585]  Expansion
Comparison[0.0756]  EntRel[0.3923]  Expansion[0.4769]  NoRel[0.0028]  Temporal[0.0160]  Contingency[0.0363]  Expansion
Comparison[0.1121]  EntRel[0.2841]  Expansion[0.3212]  NoRel[0.0213]  Temporal[0.0662]  Contingency[0.1951]  Expansion
Comparison[0.0493]  EntRel[0.5015]  Expansion[0.3113]  NoRel[0.0045]  Temporal[0.0208]  Contingency[0.1126]  EntRel
Comparison[0.1220]  EntRel[0.2601]  Expansion[0.3778]  NoRel[0.0266]  Temporal[0.0476]  Contingency[0.1659]  Expansion
Comparison[0.1123]  EntRel[0.1378]  Expansion[0.4326]  NoRel[0.0019]  Temporal[0.0723]  Contingency[0.2431]  Expansion
Comparison[0.0943]  EntRel[0.3777]  Expansion[0.3614]  NoRel[0.0162]  Temporal[0.0331]  Contingency[0.1173]  EntRel
Comparison[0.1309]  EntRel[0.2451]  Expansion[0.3407]  NoRel[0.0082]  Temporal[0.0288]  Contingency[0.2463]  Expansion
Comparison[0.0940]  EntRel[0.3005]  Expansion[0.3874]  NoRel[0.0095]  Temporal[0.0288]  Contingency[0.1797]  Expansion
Comparison[0.0841]  EntRel[0.3239]  Expansion[0.4143]  NoRel[0.0038]  Temporal[0.0238]  Contingency[0.1500]  Expansion
Comparison[0.0918]  EntRel[0.1323]  Expansion[0.4415]  NoRel[0.0012]  Temporal[0.0205]  Contingency[0.3127]  Expansion
Comparison[0.1279]  EntRel[0.0696]  Expansion[0.5208]  NoRel[0.0003]  Temporal[0.0158]  Contingency[0.2656]  Expansion
Comparison[0.0939]  EntRel[0.1177]  Expansion[0.5817]  NoRel[0.0013]  Temporal[0.0250]  Contingency[0.1806]  Expansion
Comparison[0.0691]  EntRel[0.0943]  Expansion[0.5043]  NoRel[0.0006]  Temporal[0.0147]  Contingency[0.3170]  Expansion
Comparison[0.0902]  EntRel[0.1538]  Expansion[0.4556]  NoRel[0.0030]  Temporal[0.0141]  Contingency[0.2834]  Expansion
Comparison[0.1455]  EntRel[0.4173]  Expansion[0.2412]  NoRel[0.0280]  Temporal[0.0379]  Contingency[0.1301]  EntRel
Comparison[0.1391]  EntRel[0.2344]  Expansion[0.3187]  NoRel[0.0244]  Temporal[0.0993]  Contingency[0.1841]  Expansion
Comparison[0.1105]  EntRel[0.2407]  Expansion[0.3158]  NoRel[0.0126]  Temporal[0.1214]  Contingency[0.1989]  Expansion
Comparison[0.0887]  EntRel[0.2284]  Expansion[0.3817]  NoRel[0.0113]  Temporal[0.0698]  Contingency[0.2201]  Expansion
Comparison[0.1605]  EntRel[0.3125]  Expansion[0.2906]  NoRel[0.0071]  Temporal[0.0601]  Contingency[0.1693]  EntRel
Comparison[0.1096]  EntRel[0.1751]  Expansion[0.3392]  NoRel[0.0073]  Temporal[0.1335]  Contingency[0.2354]  Expansion
Comparison[0.1190]  EntRel[0.1290]  Expansion[0.5950]  NoRel[0.0039]  Temporal[0.0263]  Contingency[0.1267]  Expansion
Comparison[0.1349]  EntRel[0.2301]  Expansion[0.4017]  NoRel[0.0021]  Temporal[0.0386]  Contingency[0.1926]  Expansion
Comparison[0.0966]  EntRel[0.2238]  Expansion[0.3718]  NoRel[0.0189]  Temporal[0.0783]  Contingency[0.2106]  Expansion
Comparison[0.1029]  EntRel[0.1854]  Expansion[0.2951]  NoRel[0.0765]  Temporal[0.0641]  Contingency[0.2758]  Expansion
Comparison[0.0883]  EntRel[0.3241]  Expansion[0.3487]  NoRel[0.0130]  Temporal[0.0871]  Contingency[0.1388]  Expansion
Comparison[0.1298]  EntRel[0.3142]  Expansion[0.3759]  NoRel[0.0066]  Temporal[0.0516]  Contingency[0.1218]  Expansion
Comparison[0.1229]  EntRel[0.1777]  Expansion[0.4559]  NoRel[0.0026]  Temporal[0.1150]  Contingency[0.1259]  Expansion
Comparison[0.1188]  EntRel[0.4474]  Expansion[0.2490]  NoRel[0.0050]  Temporal[0.0661]  Contingency[0.1138]  EntRel
Comparison[0.0908]  EntRel[0.2166]  Expansion[0.4969]  NoRel[0.0021]  Temporal[0.0277]  Contingency[0.1659]  Expansion
Comparison[0.0746]  EntRel[0.1509]  Expansion[0.4441]  NoRel[0.0021]  Temporal[0.0122]  Contingency[0.3161]  Expansion
Comparison[0.0817]  EntRel[0.2219]  Expansion[0.4582]  NoRel[0.0116]  Temporal[0.0512]  Contingency[0.1753]  Expansion
Comparison[0.0874]  EntRel[0.1919]  Expansion[0.4471]  NoRel[0.0069]  Temporal[0.0956]  Contingency[0.1710]  Expansion
Comparison[0.1096]  EntRel[0.2347]  Expansion[0.3172]  NoRel[0.0044]  Temporal[0.0286]  Contingency[0.3056]  Expansion
Comparison[0.1039]  EntRel[0.3501]  Expansion[0.3244]  NoRel[0.0156]  Temporal[0.0661]  Contingency[0.1398]  EntRel
Comparison[0.1199]  EntRel[0.3184]  Expansion[0.3248]  NoRel[0.0121]  Temporal[0.1245]  Contingency[0.1002]  Expansion
Comparison[0.0979]  EntRel[0.3251]  Expansion[0.3747]  NoRel[0.0208]  Temporal[0.0725]  Contingency[0.1090]  Expansion
Comparison[0.0823]  EntRel[0.2930]  Expansion[0.3381]  NoRel[0.0138]  Temporal[0.1519]  Contingency[0.1210]  Expansion
Comparison[0.1455]  EntRel[0.1955]  Expansion[0.4580]  NoRel[0.0036]  Temporal[0.0645]  Contingency[0.1329]  Expansion
Comparison[0.2059]  EntRel[0.2081]  Expansion[0.3693]  NoRel[0.0017]  Temporal[0.0915]  Contingency[0.1235]  Expansion
Comparison[0.0751]  EntRel[0.4039]  Expansion[0.2451]  NoRel[0.0087]  Temporal[0.1624]  Contingency[0.1048]  EntRel
Comparison[0.2194]  EntRel[0.1990]  Expansion[0.2548]  NoRel[0.0170]  Temporal[0.0547]  Contingency[0.2551]  Contingency
Comparison[0.1564]  EntRel[0.2629]  Expansion[0.3271]  NoRel[0.0057]  Temporal[0.0534]  Contingency[0.1944]  Expansion
Comparison[0.1119]  EntRel[0.3115]  Expansion[0.3316]  NoRel[0.0141]  Temporal[0.0819]  Contingency[0.1490]  Expansion
Comparison[0.0914]  EntRel[0.3556]  Expansion[0.3055]  NoRel[0.0086]  Temporal[0.0978]  Contingency[0.1412]  EntRel
Comparison[0.0778]  EntRel[0.3796]  Expansion[0.3032]  NoRel[0.0105]  Temporal[0.1118]  Contingency[0.1171]  EntRel
Comparison[0.1611]  EntRel[0.1749]  Expansion[0.3543]  NoRel[0.0093]  Temporal[0.0401]  Contingency[0.2604]  Expansion
Comparison[0.0614]  EntRel[0.3716]  Expansion[0.3515]  NoRel[0.0063]  Temporal[0.1231]  Contingency[0.0860]  EntRel
Comparison[0.0791]  EntRel[0.4012]  Expansion[0.2732]  NoRel[0.0017]  Temporal[0.1127]  Contingency[0.1320]  EntRel
Comparison[0.1559]  EntRel[0.3562]  Expansion[0.2789]  NoRel[0.0166]  Temporal[0.0429]  Contingency[0.1494]  EntRel
Comparison[0.1504]  EntRel[0.3138]  Expansion[0.4242]  NoRel[0.0081]  Temporal[0.0328]  Contingency[0.0707]  Expansion
Comparison[0.1035]  EntRel[0.2862]  Expansion[0.3211]  NoRel[0.0334]  Temporal[0.0610]  Contingency[0.1949]  Expansion
Comparison[0.0981]  EntRel[0.3325]  Expansion[0.3132]  NoRel[0.0317]  Temporal[0.0542]  Contingency[0.1703]  EntRel
Comparison[0.0921]  EntRel[0.3134]  Expansion[0.3568]  NoRel[0.0094]  Temporal[0.0953]  Contingency[0.1330]  Expansion
Comparison[0.0668]  EntRel[0.2173]  Expansion[0.3385]  NoRel[0.0029]  Temporal[0.2845]  Contingency[0.0900]  Expansion
Comparison[0.1232]  EntRel[0.3361]  Expansion[0.2930]  NoRel[0.0123]  Temporal[0.0619]  Contingency[0.1736]  EntRel
Comparison[0.0854]  EntRel[0.1888]  Expansion[0.4655]  NoRel[0.0061]  Temporal[0.0333]  Contingency[0.2209]  Expansion
Comparison[0.1099]  EntRel[0.2355]  Expansion[0.4349]  NoRel[0.0042]  Temporal[0.1200]  Contingency[0.0956]  Expansion
Comparison[0.0578]  EntRel[0.4214]  Expansion[0.3711]  NoRel[0.0182]  Temporal[0.0657]  Contingency[0.0658]  EntRel
Comparison[0.1570]  EntRel[0.2452]  Expansion[0.3626]  NoRel[0.0159]  Temporal[0.0430]  Contingency[0.1764]  Expansion
Comparison[0.1076]  EntRel[0.2166]  Expansion[0.3629]  NoRel[0.0223]  Temporal[0.0979]  Contingency[0.1927]  Expansion
Comparison[0.0712]  EntRel[0.2870]  Expansion[0.3574]  NoRel[0.0102]  Temporal[0.0733]  Contingency[0.2009]  Expansion
Comparison[0.0805]  EntRel[0.2634]  Expansion[0.4063]  NoRel[0.0054]  Temporal[0.0499]  Contingency[0.1945]  Expansion
Comparison[0.1302]  EntRel[0.1343]  Expansion[0.3339]  NoRel[0.0014]  Temporal[0.0220]  Contingency[0.3782]  Contingency
Comparison[0.1205]  EntRel[0.2210]  Expansion[0.3923]  NoRel[0.0039]  Temporal[0.0572]  Contingency[0.2052]  Expansion
Comparison[0.1347]  EntRel[0.2232]  Expansion[0.4541]  NoRel[0.0008]  Temporal[0.0479]  Contingency[0.1392]  Expansion
Comparison[0.0881]  EntRel[0.1527]  Expansion[0.4903]  NoRel[0.0057]  Temporal[0.0303]  Contingency[0.2328]  Expansion
Comparison[0.1213]  EntRel[0.1568]  Expansion[0.4531]  NoRel[0.0010]  Temporal[0.0510]  Contingency[0.2168]  Expansion
Comparison[0.1728]  EntRel[0.0966]  Expansion[0.4182]  NoRel[0.0011]  Temporal[0.0270]  Contingency[0.2842]  Expansion
Comparison[0.1085]  EntRel[0.2564]  Expansion[0.3000]  NoRel[0.0096]  Temporal[0.0641]  Contingency[0.2614]  Expansion
Comparison[0.0969]  EntRel[0.2059]  Expansion[0.3558]  NoRel[0.0062]  Temporal[0.0397]  Contingency[0.2954]  Expansion
Comparison[0.1700]  EntRel[0.1474]  Expansion[0.3808]  NoRel[0.0046]  Temporal[0.0143]  Contingency[0.2828]  Expansion
Comparison[0.0974]  EntRel[0.2537]  Expansion[0.3326]  NoRel[0.0099]  Temporal[0.0778]  Contingency[0.2287]  Expansion
Comparison[0.1066]  EntRel[0.1016]  Expansion[0.4360]  NoRel[0.0007]  Temporal[0.0171]  Contingency[0.3380]  Expansion
Comparison[0.0744]  EntRel[0.2144]  Expansion[0.4233]  NoRel[0.0029]  Temporal[0.0070]  Contingency[0.2780]  Expansion
Comparison[0.1126]  EntRel[0.2313]  Expansion[0.5555]  NoRel[0.0018]  Temporal[0.0166]  Contingency[0.0821]  Expansion
Comparison[0.0788]  EntRel[0.0782]  Expansion[0.5477]  NoRel[0.0005]  Temporal[0.0124]  Contingency[0.2824]  Expansion
Comparison[0.0679]  EntRel[0.0860]  Expansion[0.4689]  NoRel[0.0002]  Temporal[0.0083]  Contingency[0.3687]  Expansion
Comparison[0.0735]  EntRel[0.0923]  Expansion[0.5233]  NoRel[0.0014]  Temporal[0.0118]  Contingency[0.2977]  Expansion
Comparison[0.0822]  EntRel[0.0962]  Expansion[0.5640]  NoRel[0.0008]  Temporal[0.0169]  Contingency[0.2399]  Expansion
Comparison[0.0788]  EntRel[0.0746]  Expansion[0.5446]  NoRel[0.0001]  Temporal[0.0100]  Contingency[0.2918]  Expansion
Comparison[0.1536]  EntRel[0.2264]  Expansion[0.4123]  NoRel[0.0009]  Temporal[0.0383]  Contingency[0.1685]  Expansion
Comparison[0.0734]  EntRel[0.1864]  Expansion[0.4731]  NoRel[0.0076]  Temporal[0.0498]  Contingency[0.2096]  Expansion
Comparison[0.1487]  EntRel[0.1012]  Expansion[0.4014]  NoRel[0.0027]  Temporal[0.0612]  Contingency[0.2849]  Expansion
Comparison[0.0949]  EntRel[0.0415]  Expansion[0.5297]  NoRel[0.0031]  Temporal[0.0089]  Contingency[0.3219]  Expansion
Comparison[0.0491]  EntRel[0.0526]  Expansion[0.6264]  NoRel[0.0005]  Temporal[0.0064]  Contingency[0.2649]  Expansion
Comparison[0.1019]  EntRel[0.2994]  Expansion[0.3678]  NoRel[0.0041]  Temporal[0.0540]  Contingency[0.1727]  Expansion
Comparison[0.1253]  EntRel[0.2864]  Expansion[0.3474]  NoRel[0.0143]  Temporal[0.0722]  Contingency[0.1543]  Expansion
Comparison[0.0741]  EntRel[0.2502]  Expansion[0.4481]  NoRel[0.0056]  Temporal[0.0611]  Contingency[0.1609]  Expansion
Comparison[0.1752]  EntRel[0.2213]  Expansion[0.4445]  NoRel[0.0058]  Temporal[0.0808]  Contingency[0.0723]  Expansion
Comparison[0.0709]  EntRel[0.3118]  Expansion[0.4566]  NoRel[0.0054]  Temporal[0.0966]  Contingency[0.0587]  Expansion
Comparison[0.0640]  EntRel[0.3702]  Expansion[0.4154]  NoRel[0.0006]  Temporal[0.0264]  Contingency[0.1235]  Expansion
Comparison[0.0831]  EntRel[0.2021]  Expansion[0.4194]  NoRel[0.0016]  Temporal[0.1197]  Contingency[0.1742]  Expansion
Comparison[0.1303]  EntRel[0.2539]  Expansion[0.4234]  NoRel[0.0125]  Temporal[0.0731]  Contingency[0.1068]  Expansion
Comparison[0.1121]  EntRel[0.2571]  Expansion[0.4347]  NoRel[0.0193]  Temporal[0.1039]  Contingency[0.0729]  Expansion
Comparison[0.0899]  EntRel[0.2171]  Expansion[0.4386]  NoRel[0.0050]  Temporal[0.1352]  Contingency[0.1143]  Expansion
Comparison[0.0992]  EntRel[0.2290]  Expansion[0.3390]  NoRel[0.0066]  Temporal[0.1510]  Contingency[0.1752]  Expansion
Comparison[0.0694]  EntRel[0.1230]  Expansion[0.5041]  NoRel[0.0067]  Temporal[0.1619]  Contingency[0.1350]  Expansion
Comparison[0.1137]  EntRel[0.2330]  Expansion[0.3599]  NoRel[0.0011]  Temporal[0.1815]  Contingency[0.1109]  Expansion
Comparison[0.1258]  EntRel[0.2824]  Expansion[0.2984]  NoRel[0.0083]  Temporal[0.1534]  Contingency[0.1316]  Expansion
Comparison[0.1261]  EntRel[0.2875]  Expansion[0.3014]  NoRel[0.0105]  Temporal[0.1530]  Contingency[0.1214]  Expansion
Comparison[0.0775]  EntRel[0.2576]  Expansion[0.4139]  NoRel[0.0130]  Temporal[0.0890]  Contingency[0.1490]  Expansion
Comparison[0.0949]  EntRel[0.3600]  Expansion[0.3080]  NoRel[0.0083]  Temporal[0.1143]  Contingency[0.1146]  EntRel
Comparison[0.0961]  EntRel[0.2617]  Expansion[0.4085]  NoRel[0.0079]  Temporal[0.0717]  Contingency[0.1541]  Expansion
Comparison[0.0782]  EntRel[0.3713]  Expansion[0.2918]  NoRel[0.0237]  Temporal[0.0969]  Contingency[0.1381]  EntRel
Comparison[0.0978]  EntRel[0.2769]  Expansion[0.3290]  NoRel[0.0074]  Temporal[0.1054]  Contingency[0.1834]  Expansion
Comparison[0.0954]  EntRel[0.2281]  Expansion[0.4272]  NoRel[0.0197]  Temporal[0.1058]  Contingency[0.1238]  Expansion
Comparison[0.0954]  EntRel[0.4245]  Expansion[0.2622]  NoRel[0.0282]  Temporal[0.0926]  Contingency[0.0972]  EntRel
Comparison[0.1340]  EntRel[0.2050]  Expansion[0.3317]  NoRel[0.0283]  Temporal[0.1604]  Contingency[0.1407]  Expansion
Comparison[0.0851]  EntRel[0.2095]  Expansion[0.4140]  NoRel[0.0114]  Temporal[0.1537]  Contingency[0.1262]  Expansion
Comparison[0.1322]  EntRel[0.3192]  Expansion[0.2679]  NoRel[0.0304]  Temporal[0.1436]  Contingency[0.1067]  EntRel
Comparison[0.1548]  EntRel[0.2374]  Expansion[0.4247]  NoRel[0.0167]  Temporal[0.0991]  Contingency[0.0673]  Expansion
Comparison[0.0559]  EntRel[0.3341]  Expansion[0.4363]  NoRel[0.0192]  Temporal[0.0578]  Contingency[0.0967]  Expansion
Comparison[0.0609]  EntRel[0.2333]  Expansion[0.5643]  NoRel[0.0037]  Temporal[0.0700]  Contingency[0.0678]  Expansion
Comparison[0.1148]  EntRel[0.4019]  Expansion[0.3569]  NoRel[0.0088]  Temporal[0.0345]  Contingency[0.0830]  EntRel
Comparison[0.1105]  EntRel[0.3336]  Expansion[0.3324]  NoRel[0.0071]  Temporal[0.0996]  Contingency[0.1168]  EntRel
Comparison[0.1054]  EntRel[0.2381]  Expansion[0.3451]  NoRel[0.0085]  Temporal[0.1665]  Contingency[0.1365]  Expansion
Comparison[0.0722]  EntRel[0.2417]  Expansion[0.4592]  NoRel[0.0027]  Temporal[0.0303]  Contingency[0.1939]  Expansion
Comparison[0.0625]  EntRel[0.2070]  Expansion[0.3980]  NoRel[0.0018]  Temporal[0.0617]  Contingency[0.2691]  Expansion
Comparison[0.0748]  EntRel[0.2187]  Expansion[0.4437]  NoRel[0.0222]  Temporal[0.0306]  Contingency[0.2099]  Expansion
Comparison[0.1331]  EntRel[0.2834]  Expansion[0.3174]  NoRel[0.0072]  Temporal[0.0321]  Contingency[0.2268]  Expansion
Comparison[0.0640]  EntRel[0.3238]  Expansion[0.3861]  NoRel[0.0176]  Temporal[0.0464]  Contingency[0.1622]  Expansion
Comparison[0.0878]  EntRel[0.3427]  Expansion[0.3243]  NoRel[0.0096]  Temporal[0.0780]  Contingency[0.1576]  EntRel
Comparison[0.0566]  EntRel[0.2168]  Expansion[0.5466]  NoRel[0.0054]  Temporal[0.0328]  Contingency[0.1418]  Expansion
Comparison[0.1186]  EntRel[0.4229]  Expansion[0.2727]  NoRel[0.0037]  Temporal[0.0233]  Contingency[0.1588]  EntRel
Comparison[0.0816]  EntRel[0.2922]  Expansion[0.4519]  NoRel[0.0080]  Temporal[0.0284]  Contingency[0.1379]  Expansion
Comparison[0.0785]  EntRel[0.3451]  Expansion[0.4080]  NoRel[0.0158]  Temporal[0.0599]  Contingency[0.0927]  Expansion
Comparison[0.1251]  EntRel[0.2275]  Expansion[0.3415]  NoRel[0.0141]  Temporal[0.1270]  Contingency[0.1649]  Expansion
Comparison[0.1536]  EntRel[0.2451]  Expansion[0.2970]  NoRel[0.0161]  Temporal[0.1455]  Contingency[0.1428]  Expansion
Comparison[0.0938]  EntRel[0.2577]  Expansion[0.4311]  NoRel[0.0236]  Temporal[0.0747]  Contingency[0.1189]  Expansion
Comparison[0.0775]  EntRel[0.2219]  Expansion[0.4614]  NoRel[0.0153]  Temporal[0.0614]  Contingency[0.1625]  Expansion
Comparison[0.1015]  EntRel[0.3863]  Expansion[0.3422]  NoRel[0.0088]  Temporal[0.0620]  Contingency[0.0992]  EntRel
Comparison[0.1460]  EntRel[0.1946]  Expansion[0.4093]  NoRel[0.0080]  Temporal[0.1405]  Contingency[0.1016]  Expansion
Comparison[0.0744]  EntRel[0.1542]  Expansion[0.4959]  NoRel[0.0032]  Temporal[0.0909]  Contingency[0.1815]  Expansion
Comparison[0.1396]  EntRel[0.2303]  Expansion[0.3046]  NoRel[0.0152]  Temporal[0.1253]  Contingency[0.1849]  Expansion
Comparison[0.1092]  EntRel[0.2890]  Expansion[0.2999]  NoRel[0.0438]  Temporal[0.0787]  Contingency[0.1795]  Expansion
Comparison[0.0921]  EntRel[0.3941]  Expansion[0.3117]  NoRel[0.0027]  Temporal[0.0460]  Contingency[0.1534]  EntRel
Comparison[0.1582]  EntRel[0.2572]  Expansion[0.3012]  NoRel[0.0011]  Temporal[0.0173]  Contingency[0.2649]  Expansion
Comparison[0.0709]  EntRel[0.3928]  Expansion[0.3159]  NoRel[0.0111]  Temporal[0.0169]  Contingency[0.1924]  EntRel
Comparison[0.0697]  EntRel[0.3449]  Expansion[0.3594]  NoRel[0.0230]  Temporal[0.0266]  Contingency[0.1763]  Expansion
Comparison[0.1168]  EntRel[0.1130]  Expansion[0.4102]  NoRel[0.0012]  Temporal[0.0073]  Contingency[0.3515]  Expansion
Comparison[0.0764]  EntRel[0.3707]  Expansion[0.3800]  NoRel[0.0180]  Temporal[0.0165]  Contingency[0.1384]  Expansion
Comparison[0.0907]  EntRel[0.3349]  Expansion[0.3357]  NoRel[0.0153]  Temporal[0.0220]  Contingency[0.2015]  Expansion
Comparison[0.0837]  EntRel[0.3238]  Expansion[0.3228]  NoRel[0.0215]  Temporal[0.0547]  Contingency[0.1935]  EntRel
Comparison[0.1273]  EntRel[0.2485]  Expansion[0.2902]  NoRel[0.0388]  Temporal[0.1050]  Contingency[0.1904]  Expansion
Comparison[0.1130]  EntRel[0.1972]  Expansion[0.3391]  NoRel[0.0920]  Temporal[0.0982]  Contingency[0.1604]  Expansion
Comparison[0.0929]  EntRel[0.2003]  Expansion[0.3637]  NoRel[0.0221]  Temporal[0.1490]  Contingency[0.1720]  Expansion
Comparison[0.0673]  EntRel[0.2193]  Expansion[0.3871]  NoRel[0.0059]  Temporal[0.0491]  Contingency[0.2713]  Expansion
Comparison[0.1341]  EntRel[0.1159]  Expansion[0.4835]  NoRel[0.0045]  Temporal[0.0107]  Contingency[0.2512]  Expansion
Comparison[0.0757]  EntRel[0.1056]  Expansion[0.5299]  NoRel[0.0041]  Temporal[0.0227]  Contingency[0.2620]  Expansion
Comparison[0.1248]  EntRel[0.3301]  Expansion[0.2779]  NoRel[0.0254]  Temporal[0.1003]  Contingency[0.1415]  EntRel
Comparison[0.1138]  EntRel[0.2391]  Expansion[0.3733]  NoRel[0.0217]  Temporal[0.0824]  Contingency[0.1698]  Expansion
Comparison[0.1794]  EntRel[0.2498]  Expansion[0.2854]  NoRel[0.0348]  Temporal[0.0959]  Contingency[0.1548]  Expansion
Comparison[0.1404]  EntRel[0.2265]  Expansion[0.2313]  NoRel[0.0992]  Temporal[0.1260]  Contingency[0.1765]  Expansion
Comparison[0.0747]  EntRel[0.1200]  Expansion[0.4371]  NoRel[0.0192]  Temporal[0.2786]  Contingency[0.0704]  Expansion
Comparison[0.1297]  EntRel[0.3179]  Expansion[0.2704]  NoRel[0.0172]  Temporal[0.1084]  Contingency[0.1564]  EntRel
Comparison[0.1355]  EntRel[0.2799]  Expansion[0.2989]  NoRel[0.0356]  Temporal[0.1331]  Contingency[0.1169]  Expansion
Comparison[0.0737]  EntRel[0.1736]  Expansion[0.1908]  NoRel[0.0101]  Temporal[0.5124]  Contingency[0.0394]  Temporal
Comparison[0.0602]  EntRel[0.3387]  Expansion[0.3654]  NoRel[0.0555]  Temporal[0.1367]  Contingency[0.0436]  Expansion
Comparison[0.1085]  EntRel[0.2967]  Expansion[0.3963]  NoRel[0.0112]  Temporal[0.0728]  Contingency[0.1145]  Expansion
Comparison[0.0379]  EntRel[0.4367]  Expansion[0.3860]  NoRel[0.0331]  Temporal[0.0857]  Contingency[0.0207]  EntRel
Comparison[0.1416]  EntRel[0.3420]  Expansion[0.2753]  NoRel[0.0044]  Temporal[0.1033]  Contingency[0.1335]  EntRel
Comparison[0.0618]  EntRel[0.3951]  Expansion[0.2940]  NoRel[0.0224]  Temporal[0.0828]  Contingency[0.1438]  EntRel
Comparison[0.0672]  EntRel[0.3615]  Expansion[0.3477]  NoRel[0.0656]  Temporal[0.1037]  Contingency[0.0543]  EntRel
