Comparison[0.1349]  EntRel[0.3983]  Expansion[0.2708]  NoRel[0.0090]  Temporal[0.0246]  Contingency[0.1624]  EntRel
Comparison[0.0761]  EntRel[0.2473]  Expansion[0.4283]  NoRel[0.0040]  Temporal[0.0416]  Contingency[0.2027]  Expansion
Comparison[0.1262]  EntRel[0.2189]  Expansion[0.3345]  NoRel[0.0039]  Temporal[0.0429]  Contingency[0.2737]  Expansion
Comparison[0.0780]  EntRel[0.1150]  Expansion[0.5425]  NoRel[0.0020]  Temporal[0.0904]  Contingency[0.1722]  Expansion
Comparison[0.0966]  EntRel[0.0838]  Expansion[0.5910]  NoRel[0.0024]  Temporal[0.0471]  Contingency[0.1791]  Expansion
Comparison[0.1672]  EntRel[0.1812]  Expansion[0.4061]  NoRel[0.0049]  Temporal[0.0207]  Contingency[0.2199]  Expansion
Comparison[0.1359]  EntRel[0.3778]  Expansion[0.3099]  NoRel[0.0025]  Temporal[0.0150]  Contingency[0.1589]  EntRel
Comparison[0.1091]  EntRel[0.1614]  Expansion[0.2492]  NoRel[0.0207]  Temporal[0.0370]  Contingency[0.4227]  Contingency
Comparison[0.0189]  EntRel[0.1793]  Expansion[0.6774]  NoRel[0.0095]  Temporal[0.0056]  Contingency[0.1093]  Expansion
Comparison[0.1599]  EntRel[0.2009]  Expansion[0.3432]  NoRel[0.0098]  Temporal[0.0483]  Contingency[0.2378]  Expansion
Comparison[0.1213]  EntRel[0.1788]  Expansion[0.3578]  NoRel[0.0142]  Temporal[0.0763]  Contingency[0.2516]  Expansion
Comparison[0.1467]  EntRel[0.1911]  Expansion[0.3085]  NoRel[0.0057]  Temporal[0.0852]  Contingency[0.2628]  Expansion
Comparison[0.0561]  EntRel[0.4769]  Expansion[0.2322]  NoRel[0.0227]  Temporal[0.0422]  Contingency[0.1700]  EntRel
Comparison[0.0891]  EntRel[0.4016]  Expansion[0.2807]  NoRel[0.0164]  Temporal[0.0310]  Contingency[0.1812]  EntRel
Comparison[0.1279]  EntRel[0.2573]  Expansion[0.3261]  NoRel[0.0376]  Temporal[0.0725]  Contingency[0.1786]  Expansion
Comparison[0.0529]  EntRel[0.1951]  Expansion[0.5896]  NoRel[0.0054]  Temporal[0.0242]  Contingency[0.1327]  Expansion
Comparison[0.1070]  EntRel[0.0464]  Expansion[0.3254]  NoRel[0.0013]  Temporal[0.0038]  Contingency[0.5161]  Contingency
Comparison[0.0734]  EntRel[0.0984]  Expansion[0.5743]  NoRel[0.0025]  Temporal[0.0309]  Contingency[0.2205]  Expansion
Comparison[0.2439]  EntRel[0.1541]  Expansion[0.3032]  NoRel[0.0038]  Temporal[0.0222]  Contingency[0.2727]  Expansion
Comparison[0.0945]  EntRel[0.1124]  Expansion[0.4978]  NoRel[0.0233]  Temporal[0.0187]  Contingency[0.2533]  Expansion
Comparison[0.1204]  EntRel[0.1516]  Expansion[0.4502]  NoRel[0.0039]  Temporal[0.0482]  Contingency[0.2257]  Expansion
Comparison[0.0985]  EntRel[0.1167]  Expansion[0.5235]  NoRel[0.0008]  Temporal[0.0276]  Contingency[0.2329]  Expansion
Comparison[0.1490]  EntRel[0.1577]  Expansion[0.5931]  NoRel[0.0028]  Temporal[0.0677]  Contingency[0.0297]  Expansion
Comparison[0.1194]  EntRel[0.2643]  Expansion[0.3188]  NoRel[0.0126]  Temporal[0.0761]  Contingency[0.2088]  Expansion
Comparison[0.0673]  EntRel[0.2624]  Expansion[0.4181]  NoRel[0.0092]  Temporal[0.0743]  Contingency[0.1687]  Expansion
Comparison[0.0828]  EntRel[0.2840]  Expansion[0.4411]  NoRel[0.0162]  Temporal[0.0304]  Contingency[0.1454]  Expansion
Comparison[0.0803]  EntRel[0.3883]  Expansion[0.3447]  NoRel[0.0119]  Temporal[0.0511]  Contingency[0.1238]  EntRel
Comparison[0.1087]  EntRel[0.2054]  Expansion[0.3984]  NoRel[0.0164]  Temporal[0.0471]  Contingency[0.2240]  Expansion
Comparison[0.1085]  EntRel[0.2029]  Expansion[0.4137]  NoRel[0.0094]  Temporal[0.1098]  Contingency[0.1557]  Expansion
Comparison[0.1527]  EntRel[0.2703]  Expansion[0.2418]  NoRel[0.0176]  Temporal[0.2056]  Contingency[0.1120]  EntRel
Comparison[0.1213]  EntRel[0.1474]  Expansion[0.3867]  NoRel[0.0025]  Temporal[0.0078]  Contingency[0.3345]  Expansion
Comparison[0.0887]  EntRel[0.2375]  Expansion[0.4124]  NoRel[0.0059]  Temporal[0.0452]  Contingency[0.2102]  Expansion
Comparison[0.1000]  EntRel[0.0998]  Expansion[0.3651]  NoRel[0.0007]  Temporal[0.0096]  Contingency[0.4248]  Contingency
Comparison[0.0537]  EntRel[0.0326]  Expansion[0.4808]  NoRel[0.0027]  Temporal[0.0117]  Contingency[0.4186]  Expansion
Comparison[0.0930]  EntRel[0.2938]  Expansion[0.2996]  NoRel[0.0301]  Temporal[0.0769]  Contingency[0.2067]  Expansion
Comparison[0.1009]  EntRel[0.2117]  Expansion[0.4273]  NoRel[0.0231]  Temporal[0.0829]  Contingency[0.1541]  Expansion
Comparison[0.1290]  EntRel[0.1147]  Expansion[0.6107]  NoRel[0.0016]  Temporal[0.0387]  Contingency[0.1052]  Expansion
Comparison[0.1541]  EntRel[0.2363]  Expansion[0.3574]  NoRel[0.0216]  Temporal[0.1160]  Contingency[0.1146]  Expansion
Comparison[0.1079]  EntRel[0.2055]  Expansion[0.3424]  NoRel[0.0062]  Temporal[0.0993]  Contingency[0.2387]  Expansion
Comparison[0.1571]  EntRel[0.2520]  Expansion[0.2474]  NoRel[0.0161]  Temporal[0.0265]  Contingency[0.3009]  Contingency
Comparison[0.0783]  EntRel[0.1613]  Expansion[0.4275]  NoRel[0.0065]  Temporal[0.0048]  Contingency[0.3216]  Expansion
Comparison[0.0662]  EntRel[0.1230]  Expansion[0.4537]  NoRel[0.0017]  Temporal[0.0340]  Contingency[0.3213]  Expansion
Comparison[0.0712]  EntRel[0.2274]  Expansion[0.4006]  NoRel[0.0109]  Temporal[0.0916]  Contingency[0.1983]  Expansion
Comparison[0.1211]  EntRel[0.2074]  Expansion[0.3222]  NoRel[0.0135]  Temporal[0.1622]  Contingency[0.1736]  Expansion
Comparison[0.1767]  EntRel[0.2551]  Expansion[0.2374]  NoRel[0.0463]  Temporal[0.0856]  Contingency[0.1990]  EntRel
Comparison[0.0456]  EntRel[0.2419]  Expansion[0.3627]  NoRel[0.0892]  Temporal[0.1085]  Contingency[0.1521]  Expansion
Comparison[0.0940]  EntRel[0.3086]  Expansion[0.3558]  NoRel[0.0460]  Temporal[0.0750]  Contingency[0.1208]  Expansion
Comparison[0.1113]  EntRel[0.1361]  Expansion[0.4003]  NoRel[0.0034]  Temporal[0.0053]  Contingency[0.3437]  Expansion
Comparison[0.1520]  EntRel[0.1485]  Expansion[0.3513]  NoRel[0.0087]  Temporal[0.0759]  Contingency[0.2635]  Expansion
Comparison[0.1119]  EntRel[0.1364]  Expansion[0.4192]  NoRel[0.0062]  Temporal[0.0917]  Contingency[0.2347]  Expansion
Comparison[0.1105]  EntRel[0.1710]  Expansion[0.4814]  NoRel[0.0008]  Temporal[0.0116]  Contingency[0.2247]  Expansion
Comparison[0.0856]  EntRel[0.1368]  Expansion[0.4511]  NoRel[0.0014]  Temporal[0.0716]  Contingency[0.2535]  Expansion
Comparison[0.0941]  EntRel[0.1186]  Expansion[0.5456]  NoRel[0.0028]  Temporal[0.0425]  Contingency[0.1964]  Expansion
Comparison[0.1135]  EntRel[0.2351]  Expansion[0.3419]  NoRel[0.0442]  Temporal[0.0880]  Contingency[0.1773]  Expansion
Comparison[0.1362]  EntRel[0.3386]  Expansion[0.3584]  NoRel[0.0036]  Temporal[0.0350]  Contingency[0.1282]  Expansion
Comparison[0.0533]  EntRel[0.2550]  Expansion[0.3556]  NoRel[0.0062]  Temporal[0.0567]  Contingency[0.2733]  Expansion
Comparison[0.1140]  EntRel[0.0639]  Expansion[0.4326]  NoRel[0.0016]  Temporal[0.0290]  Contingency[0.3588]  Expansion
Comparison[0.2467]  EntRel[0.0917]  Expansion[0.3251]  NoRel[0.0006]  Temporal[0.0162]  Contingency[0.3197]  Expansion
Comparison[0.1054]  EntRel[0.2039]  Expansion[0.4479]  NoRel[0.0072]  Temporal[0.0452]  Contingency[0.1904]  Expansion
Comparison[0.0829]  EntRel[0.3169]  Expansion[0.4753]  NoRel[0.0038]  Temporal[0.0286]  Contingency[0.0926]  Expansion
Comparison[0.1037]  EntRel[0.1247]  Expansion[0.3873]  NoRel[0.0034]  Temporal[0.0135]  Contingency[0.3674]  Expansion
Comparison[0.0717]  EntRel[0.2697]  Expansion[0.4043]  NoRel[0.0274]  Temporal[0.1218]  Contingency[0.1051]  Expansion
Comparison[0.0744]  EntRel[0.3342]  Expansion[0.3994]  NoRel[0.0393]  Temporal[0.0494]  Contingency[0.1034]  Expansion
Comparison[0.1054]  EntRel[0.2054]  Expansion[0.2394]  NoRel[0.0259]  Temporal[0.2745]  Contingency[0.1494]  Temporal
Comparison[0.0685]  EntRel[0.2122]  Expansion[0.4681]  NoRel[0.0057]  Temporal[0.0892]  Contingency[0.1562]  Expansion
Comparison[0.1160]  EntRel[0.3241]  Expansion[0.3566]  NoRel[0.0180]  Temporal[0.0509]  Contingency[0.1344]  Expansion
Comparison[0.0732]  EntRel[0.2862]  Expansion[0.3548]  NoRel[0.0505]  Temporal[0.1335]  Contingency[0.1017]  Expansion
Comparison[0.1185]  EntRel[0.1969]  Expansion[0.4195]  NoRel[0.0138]  Temporal[0.0779]  Contingency[0.1733]  Expansion
Comparison[0.1218]  EntRel[0.2956]  Expansion[0.2924]  NoRel[0.0202]  Temporal[0.0668]  Contingency[0.2032]  EntRel
Comparison[0.1502]  EntRel[0.3704]  Expansion[0.2478]  NoRel[0.0460]  Temporal[0.0871]  Contingency[0.0984]  EntRel
Comparison[0.0957]  EntRel[0.2142]  Expansion[0.4226]  NoRel[0.0490]  Temporal[0.0462]  Contingency[0.1723]  Expansion
Comparison[0.0948]  EntRel[0.3476]  Expansion[0.3268]  NoRel[0.0268]  Temporal[0.0764]  Contingency[0.1276]  EntRel
Comparison[0.1066]  EntRel[0.4566]  Expansion[0.1716]  NoRel[0.0192]  Temporal[0.1112]  Contingency[0.1348]  EntRel
Comparison[0.1264]  EntRel[0.3589]  Expansion[0.4037]  NoRel[0.0070]  Temporal[0.0297]  Contingency[0.0742]  Expansion
Comparison[0.3564]  EntRel[0.1518]  Expansion[0.2388]  NoRel[0.0172]  Temporal[0.1111]  Contingency[0.1247]  Comparison
Comparison[0.0653]  EntRel[0.2549]  Expansion[0.5216]  NoRel[0.0067]  Temporal[0.0559]  Contingency[0.0956]  Expansion
Comparison[0.0801]  EntRel[0.2583]  Expansion[0.3869]  NoRel[0.0179]  Temporal[0.0928]  Contingency[0.1640]  Expansion
Comparison[0.1386]  EntRel[0.2051]  Expansion[0.3602]  NoRel[0.0128]  Temporal[0.0782]  Contingency[0.2051]  Expansion
Comparison[0.1188]  EntRel[0.3462]  Expansion[0.3200]  NoRel[0.0374]  Temporal[0.0529]  Contingency[0.1245]  EntRel
Comparison[0.1084]  EntRel[0.2408]  Expansion[0.1905]  NoRel[0.0394]  Temporal[0.3275]  Contingency[0.0935]  Temporal
Comparison[0.1426]  EntRel[0.3353]  Expansion[0.2469]  NoRel[0.0807]  Temporal[0.0732]  Contingency[0.1213]  EntRel
Comparison[0.1317]  EntRel[0.2790]  Expansion[0.2477]  NoRel[0.0748]  Temporal[0.1278]  Contingency[0.1390]  EntRel
Comparison[0.1047]  EntRel[0.2359]  Expansion[0.4376]  NoRel[0.0124]  Temporal[0.0485]  Contingency[0.1609]  Expansion
Comparison[0.0860]  EntRel[0.2751]  Expansion[0.4785]  NoRel[0.0070]  Temporal[0.0749]  Contingency[0.0786]  Expansion
Comparison[0.1228]  EntRel[0.2947]  Expansion[0.4947]  NoRel[0.0042]  Temporal[0.0707]  Contingency[0.0129]  Expansion
Comparison[0.0989]  EntRel[0.4284]  Expansion[0.1717]  NoRel[0.1158]  Temporal[0.1100]  Contingency[0.0752]  EntRel
Comparison[0.1548]  EntRel[0.4098]  Expansion[0.2409]  NoRel[0.0385]  Temporal[0.0945]  Contingency[0.0615]  EntRel
Comparison[0.1209]  EntRel[0.2549]  Expansion[0.3489]  NoRel[0.0262]  Temporal[0.0879]  Contingency[0.1612]  Expansion
Comparison[0.1368]  EntRel[0.2042]  Expansion[0.3354]  NoRel[0.0478]  Temporal[0.1279]  Contingency[0.1480]  Expansion
Comparison[0.1444]  EntRel[0.2390]  Expansion[0.2486]  NoRel[0.0781]  Temporal[0.1195]  Contingency[0.1704]  Expansion
Comparison[0.1593]  EntRel[0.3104]  Expansion[0.2154]  NoRel[0.0771]  Temporal[0.1110]  Contingency[0.1268]  EntRel
Comparison[0.1242]  EntRel[0.2980]  Expansion[0.3484]  NoRel[0.0197]  Temporal[0.0888]  Contingency[0.1209]  Expansion
Comparison[0.0991]  EntRel[0.2096]  Expansion[0.4459]  NoRel[0.0063]  Temporal[0.0593]  Contingency[0.1798]  Expansion
Comparison[0.1459]  EntRel[0.2692]  Expansion[0.3360]  NoRel[0.0480]  Temporal[0.0799]  Contingency[0.1210]  Expansion
Comparison[0.1259]  EntRel[0.2163]  Expansion[0.3295]  NoRel[0.0287]  Temporal[0.1252]  Contingency[0.1744]  Expansion
Comparison[0.2584]  EntRel[0.3018]  Expansion[0.1883]  NoRel[0.0423]  Temporal[0.1059]  Contingency[0.1033]  EntRel
Comparison[0.1412]  EntRel[0.2706]  Expansion[0.3205]  NoRel[0.0336]  Temporal[0.1207]  Contingency[0.1134]  Expansion
Comparison[0.1335]  EntRel[0.2569]  Expansion[0.3094]  NoRel[0.0360]  Temporal[0.1217]  Contingency[0.1425]  Expansion
Comparison[0.1019]  EntRel[0.3181]  Expansion[0.3389]  NoRel[0.0303]  Temporal[0.0756]  Contingency[0.1352]  Expansion
Comparison[0.1033]  EntRel[0.2086]  Expansion[0.3564]  NoRel[0.0340]  Temporal[0.1064]  Contingency[0.1912]  Expansion
Comparison[0.1292]  EntRel[0.2041]  Expansion[0.3429]  NoRel[0.0526]  Temporal[0.1066]  Contingency[0.1646]  Expansion
Comparison[0.1252]  EntRel[0.2564]  Expansion[0.3482]  NoRel[0.0364]  Temporal[0.1000]  Contingency[0.1339]  Expansion
Comparison[0.1383]  EntRel[0.2616]  Expansion[0.3125]  NoRel[0.0319]  Temporal[0.1167]  Contingency[0.1389]  Expansion
Comparison[0.1050]  EntRel[0.1700]  Expansion[0.4516]  NoRel[0.0494]  Temporal[0.0896]  Contingency[0.1344]  Expansion
Comparison[0.1368]  EntRel[0.2155]  Expansion[0.3341]  NoRel[0.0431]  Temporal[0.1095]  Contingency[0.1611]  Expansion
Comparison[0.1252]  EntRel[0.2564]  Expansion[0.3482]  NoRel[0.0364]  Temporal[0.1000]  Contingency[0.1339]  Expansion
Comparison[0.1383]  EntRel[0.2616]  Expansion[0.3125]  NoRel[0.0319]  Temporal[0.1167]  Contingency[0.1389]  Expansion
Comparison[0.2195]  EntRel[0.3138]  Expansion[0.2132]  NoRel[0.0211]  Temporal[0.1101]  Contingency[0.1222]  EntRel
Comparison[0.1162]  EntRel[0.2563]  Expansion[0.3666]  NoRel[0.0302]  Temporal[0.0990]  Contingency[0.1316]  Expansion
Comparison[0.1570]  EntRel[0.2243]  Expansion[0.3501]  NoRel[0.0561]  Temporal[0.0481]  Contingency[0.1643]  Expansion
Comparison[0.1198]  EntRel[0.2336]  Expansion[0.4046]  NoRel[0.0283]  Temporal[0.0603]  Contingency[0.1533]  Expansion
Comparison[0.1001]  EntRel[0.2734]  Expansion[0.2926]  NoRel[0.0867]  Temporal[0.1000]  Contingency[0.1472]  Expansion
Comparison[0.0862]  EntRel[0.4069]  Expansion[0.2841]  NoRel[0.0139]  Temporal[0.1427]  Contingency[0.0662]  EntRel
Comparison[0.2049]  EntRel[0.1950]  Expansion[0.3069]  NoRel[0.0329]  Temporal[0.0735]  Contingency[0.1868]  Expansion
Comparison[0.1443]  EntRel[0.3026]  Expansion[0.2624]  NoRel[0.0742]  Temporal[0.0778]  Contingency[0.1387]  EntRel
Comparison[0.0970]  EntRel[0.3022]  Expansion[0.2736]  NoRel[0.0354]  Temporal[0.1562]  Contingency[0.1356]  EntRel
Comparison[0.0978]  EntRel[0.2575]  Expansion[0.2607]  NoRel[0.0976]  Temporal[0.1487]  Contingency[0.1377]  Expansion
Comparison[0.1125]  EntRel[0.2200]  Expansion[0.2902]  NoRel[0.0716]  Temporal[0.1041]  Contingency[0.2016]  Expansion
