Expansion[0.0002]  Contingency[0.3073]  Comparison[0.0373]  Temporal[0.6552]  Temporal
Expansion[0.0124]  Contingency[0.0031]  Comparison[0.9766]  Temporal[0.0079]  Comparison
Expansion[0.0035]  Contingency[0.2417]  Comparison[0.0104]  Temporal[0.7444]  Temporal
Expansion[0.0004]  Contingency[0.9966]  Comparison[0.0012]  Temporal[0.0017]  Contingency
Expansion[0.0067]  Contingency[0.0149]  Comparison[0.9683]  Temporal[0.0100]  Comparison
Expansion[0.0124]  Contingency[0.0031]  Comparison[0.9766]  Temporal[0.0079]  Comparison
Expansion[0.0785]  Contingency[0.8740]  Comparison[0.0259]  Temporal[0.0216]  Contingency
Expansion[0.9910]  Contingency[0.0008]  Comparison[0.0066]  Temporal[0.0017]  Expansion
Expansion[0.9670]  Contingency[0.0081]  Comparison[0.0248]  Temporal[0.0002]  Expansion
Expansion[0.1760]  Contingency[0.0167]  Comparison[0.6248]  Temporal[0.1826]  Comparison
Expansion[0.0003]  Contingency[0.1450]  Comparison[0.0010]  Temporal[0.8537]  Temporal
Expansion[0.0785]  Contingency[0.8740]  Comparison[0.0259]  Temporal[0.0216]  Contingency
Expansion[0.9904]  Contingency[0.0023]  Comparison[0.0072]  Temporal[0.0001]  Expansion
Expansion[0.0258]  Contingency[0.0012]  Comparison[0.9718]  Temporal[0.0012]  Comparison
