Comparison[0.0843]  EntRel[0.1495]  Expansion[0.4174]  NoRel[0.0044]  Temporal[0.0273]  Contingency[0.3170]  Expansion
Comparison[0.1330]  EntRel[0.1483]  Expansion[0.3987]  NoRel[0.0021]  Temporal[0.0292]  Contingency[0.2887]  Expansion
Comparison[0.0489]  EntRel[0.3038]  Expansion[0.3969]  NoRel[0.0074]  Temporal[0.0133]  Contingency[0.2296]  Expansion
Comparison[0.0998]  EntRel[0.2568]  Expansion[0.3870]  NoRel[0.0178]  Temporal[0.0427]  Contingency[0.1959]  Expansion
Comparison[0.0832]  EntRel[0.1379]  Expansion[0.3952]  NoRel[0.0037]  Temporal[0.1305]  Contingency[0.2495]  Expansion
Comparison[0.0871]  EntRel[0.1768]  Expansion[0.4026]  NoRel[0.0121]  Temporal[0.0840]  Contingency[0.2374]  Expansion
Comparison[0.1177]  EntRel[0.1912]  Expansion[0.3243]  NoRel[0.0401]  Temporal[0.0925]  Contingency[0.2342]  Expansion
Comparison[0.0936]  EntRel[0.1296]  Expansion[0.4348]  NoRel[0.0063]  Temporal[0.0373]  Contingency[0.2985]  Expansion
Comparison[0.1179]  EntRel[0.0879]  Expansion[0.4394]  NoRel[0.0009]  Temporal[0.0123]  Contingency[0.3416]  Expansion
Comparison[0.0773]  EntRel[0.1634]  Expansion[0.4783]  NoRel[0.0192]  Temporal[0.0194]  Contingency[0.2424]  Expansion
Comparison[0.0635]  EntRel[0.1097]  Expansion[0.3641]  NoRel[0.0024]  Temporal[0.0129]  Contingency[0.4475]  Contingency
Comparison[0.1583]  EntRel[0.1767]  Expansion[0.4463]  NoRel[0.0053]  Temporal[0.0349]  Contingency[0.1784]  Expansion
Comparison[0.0622]  EntRel[0.1310]  Expansion[0.2604]  NoRel[0.0022]  Temporal[0.3549]  Contingency[0.1893]  Temporal
Comparison[0.1150]  EntRel[0.1478]  Expansion[0.4114]  NoRel[0.0039]  Temporal[0.0624]  Contingency[0.2595]  Expansion
Comparison[0.1408]  EntRel[0.2662]  Expansion[0.3673]  NoRel[0.0066]  Temporal[0.0973]  Contingency[0.1219]  Expansion
Comparison[0.1477]  EntRel[0.1576]  Expansion[0.4064]  NoRel[0.0009]  Temporal[0.0271]  Contingency[0.2603]  Expansion
Comparison[0.0660]  EntRel[0.3793]  Expansion[0.3391]  NoRel[0.0282]  Temporal[0.0150]  Contingency[0.1724]  EntRel
Comparison[0.0631]  EntRel[0.3772]  Expansion[0.3893]  NoRel[0.0108]  Temporal[0.0091]  Contingency[0.1504]  Expansion
Comparison[0.0523]  EntRel[0.2885]  Expansion[0.5103]  NoRel[0.0029]  Temporal[0.0092]  Contingency[0.1369]  Expansion
Comparison[0.1030]  EntRel[0.1661]  Expansion[0.5753]  NoRel[0.0007]  Temporal[0.0087]  Contingency[0.1462]  Expansion
Comparison[0.0946]  EntRel[0.0648]  Expansion[0.4280]  NoRel[0.0003]  Temporal[0.0203]  Contingency[0.3922]  Expansion
Comparison[0.0813]  EntRel[0.0638]  Expansion[0.5933]  NoRel[0.0002]  Temporal[0.0308]  Contingency[0.2305]  Expansion
Comparison[0.1074]  EntRel[0.1752]  Expansion[0.5300]  NoRel[0.0020]  Temporal[0.0446]  Contingency[0.1408]  Expansion
Comparison[0.0994]  EntRel[0.2498]  Expansion[0.3568]  NoRel[0.0085]  Temporal[0.1521]  Contingency[0.1334]  Expansion
Comparison[0.1461]  EntRel[0.1783]  Expansion[0.3197]  NoRel[0.0139]  Temporal[0.1464]  Contingency[0.1956]  Expansion
Comparison[0.1502]  EntRel[0.1850]  Expansion[0.4409]  NoRel[0.0082]  Temporal[0.0500]  Contingency[0.1657]  Expansion
Comparison[0.1251]  EntRel[0.2237]  Expansion[0.3841]  NoRel[0.0106]  Temporal[0.1000]  Contingency[0.1566]  Expansion
Comparison[0.1742]  EntRel[0.1699]  Expansion[0.3916]  NoRel[0.0101]  Temporal[0.0589]  Contingency[0.1951]  Expansion
Comparison[0.1152]  EntRel[0.1926]  Expansion[0.5324]  NoRel[0.0110]  Temporal[0.0557]  Contingency[0.0931]  Expansion
Comparison[0.1925]  EntRel[0.3209]  Expansion[0.2953]  NoRel[0.0041]  Temporal[0.0795]  Contingency[0.1078]  EntRel
Comparison[0.1179]  EntRel[0.2704]  Expansion[0.4134]  NoRel[0.0138]  Temporal[0.0859]  Contingency[0.0986]  Expansion
Comparison[0.1889]  EntRel[0.1478]  Expansion[0.1928]  NoRel[0.0204]  Temporal[0.2764]  Contingency[0.1737]  Temporal
Comparison[0.1324]  EntRel[0.2980]  Expansion[0.2860]  NoRel[0.0100]  Temporal[0.1127]  Contingency[0.1609]  EntRel
Comparison[0.0838]  EntRel[0.3177]  Expansion[0.3682]  NoRel[0.0368]  Temporal[0.0324]  Contingency[0.1611]  Expansion
Comparison[0.1204]  EntRel[0.3840]  Expansion[0.2719]  NoRel[0.0189]  Temporal[0.0692]  Contingency[0.1355]  EntRel
Comparison[0.0994]  EntRel[0.3447]  Expansion[0.2930]  NoRel[0.0321]  Temporal[0.0816]  Contingency[0.1491]  EntRel
Comparison[0.0892]  EntRel[0.2965]  Expansion[0.2829]  NoRel[0.0089]  Temporal[0.0834]  Contingency[0.2391]  EntRel
Comparison[0.1794]  EntRel[0.1748]  Expansion[0.4177]  NoRel[0.0050]  Temporal[0.0478]  Contingency[0.1752]  Expansion
Comparison[0.1420]  EntRel[0.2067]  Expansion[0.3344]  NoRel[0.0171]  Temporal[0.1758]  Contingency[0.1241]  Expansion
Comparison[0.1596]  EntRel[0.1903]  Expansion[0.3719]  NoRel[0.0114]  Temporal[0.0934]  Contingency[0.1735]  Expansion
Comparison[0.1406]  EntRel[0.2201]  Expansion[0.3486]  NoRel[0.0054]  Temporal[0.1244]  Contingency[0.1608]  Expansion
Comparison[0.1439]  EntRel[0.2470]  Expansion[0.3224]  NoRel[0.0136]  Temporal[0.0832]  Contingency[0.1899]  Expansion
Comparison[0.0932]  EntRel[0.2397]  Expansion[0.2914]  NoRel[0.0122]  Temporal[0.0811]  Contingency[0.2825]  Expansion
Comparison[0.1105]  EntRel[0.2240]  Expansion[0.3295]  NoRel[0.0187]  Temporal[0.0914]  Contingency[0.2259]  Expansion
Comparison[0.1024]  EntRel[0.2655]  Expansion[0.3249]  NoRel[0.0170]  Temporal[0.1726]  Contingency[0.1176]  Expansion
Comparison[0.1326]  EntRel[0.2246]  Expansion[0.3975]  NoRel[0.0119]  Temporal[0.0693]  Contingency[0.1642]  Expansion
Comparison[0.1261]  EntRel[0.2493]  Expansion[0.2403]  NoRel[0.0252]  Temporal[0.0669]  Contingency[0.2923]  Contingency
Comparison[0.1275]  EntRel[0.1968]  Expansion[0.2996]  NoRel[0.0356]  Temporal[0.1258]  Contingency[0.2147]  Expansion
Comparison[0.1575]  EntRel[0.2370]  Expansion[0.3573]  NoRel[0.0103]  Temporal[0.0924]  Contingency[0.1455]  Expansion
Comparison[0.1517]  EntRel[0.3182]  Expansion[0.3077]  NoRel[0.0193]  Temporal[0.0700]  Contingency[0.1331]  EntRel
Comparison[0.0600]  EntRel[0.2584]  Expansion[0.3184]  NoRel[0.0208]  Temporal[0.0543]  Contingency[0.2880]  Expansion
Comparison[0.1263]  EntRel[0.2514]  Expansion[0.3250]  NoRel[0.0072]  Temporal[0.1097]  Contingency[0.1804]  Expansion
Comparison[0.0853]  EntRel[0.2192]  Expansion[0.4012]  NoRel[0.0182]  Temporal[0.1623]  Contingency[0.1138]  Expansion
Comparison[0.1716]  EntRel[0.2076]  Expansion[0.3973]  NoRel[0.0116]  Temporal[0.0693]  Contingency[0.1426]  Expansion
Comparison[0.1427]  EntRel[0.2092]  Expansion[0.3286]  NoRel[0.0108]  Temporal[0.0488]  Contingency[0.2599]  Expansion
Comparison[0.0673]  EntRel[0.1939]  Expansion[0.4897]  NoRel[0.0218]  Temporal[0.0532]  Contingency[0.1742]  Expansion
Comparison[0.2117]  EntRel[0.2598]  Expansion[0.3225]  NoRel[0.0197]  Temporal[0.0295]  Contingency[0.1568]  Expansion
Comparison[0.1177]  EntRel[0.1439]  Expansion[0.4327]  NoRel[0.0034]  Temporal[0.0509]  Contingency[0.2514]  Expansion
Comparison[0.1147]  EntRel[0.0952]  Expansion[0.4022]  NoRel[0.0022]  Temporal[0.0183]  Contingency[0.3675]  Expansion
Comparison[0.1452]  EntRel[0.1572]  Expansion[0.4123]  NoRel[0.0215]  Temporal[0.0506]  Contingency[0.2132]  Expansion
Comparison[0.1451]  EntRel[0.1291]  Expansion[0.4720]  NoRel[0.0092]  Temporal[0.0222]  Contingency[0.2223]  Expansion
Comparison[0.0792]  EntRel[0.2958]  Expansion[0.4345]  NoRel[0.0047]  Temporal[0.0778]  Contingency[0.1081]  Expansion
Comparison[0.0876]  EntRel[0.1841]  Expansion[0.5013]  NoRel[0.0039]  Temporal[0.1105]  Contingency[0.1125]  Expansion
Comparison[0.0881]  EntRel[0.2774]  Expansion[0.3938]  NoRel[0.0109]  Temporal[0.0509]  Contingency[0.1789]  Expansion
Comparison[0.0891]  EntRel[0.2336]  Expansion[0.3448]  NoRel[0.0099]  Temporal[0.1274]  Contingency[0.1952]  Expansion
Comparison[0.0832]  EntRel[0.1674]  Expansion[0.3615]  NoRel[0.0111]  Temporal[0.2249]  Contingency[0.1519]  Expansion
Comparison[0.1101]  EntRel[0.2274]  Expansion[0.3524]  NoRel[0.0168]  Temporal[0.0972]  Contingency[0.1961]  Expansion
Comparison[0.1160]  EntRel[0.1770]  Expansion[0.4105]  NoRel[0.0250]  Temporal[0.0430]  Contingency[0.2285]  Expansion
Comparison[0.0828]  EntRel[0.1154]  Expansion[0.4673]  NoRel[0.0017]  Temporal[0.0162]  Contingency[0.3167]  Expansion
Comparison[0.0737]  EntRel[0.1555]  Expansion[0.6673]  NoRel[0.0013]  Temporal[0.0093]  Contingency[0.0928]  Expansion
Comparison[0.1683]  EntRel[0.1486]  Expansion[0.5822]  NoRel[0.0133]  Temporal[0.0251]  Contingency[0.0627]  Expansion
Comparison[0.2975]  EntRel[0.1101]  Expansion[0.4890]  NoRel[0.0030]  Temporal[0.0758]  Contingency[0.0246]  Expansion
Comparison[0.2005]  EntRel[0.1622]  Expansion[0.5909]  NoRel[0.0021]  Temporal[0.0260]  Contingency[0.0184]  Expansion
Comparison[0.1906]  EntRel[0.1485]  Expansion[0.5714]  NoRel[0.0004]  Temporal[0.0537]  Contingency[0.0354]  Expansion
Comparison[0.1128]  EntRel[0.1968]  Expansion[0.3379]  NoRel[0.0078]  Temporal[0.0540]  Contingency[0.2907]  Expansion
Comparison[0.0701]  EntRel[0.1392]  Expansion[0.3293]  NoRel[0.0035]  Temporal[0.0136]  Contingency[0.4442]  Contingency
Comparison[0.0747]  EntRel[0.2787]  Expansion[0.3927]  NoRel[0.0078]  Temporal[0.0214]  Contingency[0.2247]  Expansion
Comparison[0.1007]  EntRel[0.4469]  Expansion[0.2665]  NoRel[0.0064]  Temporal[0.0184]  Contingency[0.1611]  EntRel
Comparison[0.0595]  EntRel[0.1680]  Expansion[0.3949]  NoRel[0.0042]  Temporal[0.0151]  Contingency[0.3584]  Expansion
Comparison[0.2349]  EntRel[0.2017]  Expansion[0.2968]  NoRel[0.0091]  Temporal[0.0249]  Contingency[0.2327]  Expansion
Comparison[0.0635]  EntRel[0.1268]  Expansion[0.5492]  NoRel[0.0093]  Temporal[0.0305]  Contingency[0.2206]  Expansion
Comparison[0.2224]  EntRel[0.0944]  Expansion[0.5649]  NoRel[0.0007]  Temporal[0.0068]  Contingency[0.1108]  Expansion
Comparison[0.0742]  EntRel[0.2761]  Expansion[0.2780]  NoRel[0.0055]  Temporal[0.0463]  Contingency[0.3200]  Contingency
Comparison[0.0497]  EntRel[0.3505]  Expansion[0.4466]  NoRel[0.0034]  Temporal[0.0528]  Contingency[0.0970]  Expansion
Comparison[0.0893]  EntRel[0.3355]  Expansion[0.3481]  NoRel[0.0051]  Temporal[0.0549]  Contingency[0.1670]  Expansion
Comparison[0.0773]  EntRel[0.2236]  Expansion[0.5559]  NoRel[0.0039]  Temporal[0.0503]  Contingency[0.0889]  Expansion
Comparison[0.0919]  EntRel[0.3562]  Expansion[0.3359]  NoRel[0.0108]  Temporal[0.0714]  Contingency[0.1337]  EntRel
Comparison[0.0305]  EntRel[0.1858]  Expansion[0.3708]  NoRel[0.0075]  Temporal[0.0142]  Contingency[0.3912]  Contingency
Comparison[0.0636]  EntRel[0.1129]  Expansion[0.6588]  NoRel[0.0016]  Temporal[0.0170]  Contingency[0.1461]  Expansion
Comparison[0.0685]  EntRel[0.3037]  Expansion[0.4019]  NoRel[0.0164]  Temporal[0.0476]  Contingency[0.1620]  Expansion
Comparison[0.1178]  EntRel[0.2821]  Expansion[0.3612]  NoRel[0.0145]  Temporal[0.0170]  Contingency[0.2074]  Expansion
Comparison[0.1141]  EntRel[0.0963]  Expansion[0.6228]  NoRel[0.0034]  Temporal[0.0049]  Contingency[0.1585]  Expansion
Comparison[0.1406]  EntRel[0.3293]  Expansion[0.3361]  NoRel[0.0017]  Temporal[0.0060]  Contingency[0.1864]  Expansion
Comparison[0.0870]  EntRel[0.3518]  Expansion[0.2716]  NoRel[0.0115]  Temporal[0.1324]  Contingency[0.1457]  EntRel
Comparison[0.1242]  EntRel[0.1678]  Expansion[0.2916]  NoRel[0.0050]  Temporal[0.0219]  Contingency[0.3895]  Contingency
Comparison[0.0627]  EntRel[0.1535]  Expansion[0.4236]  NoRel[0.0010]  Temporal[0.0047]  Contingency[0.3546]  Expansion
Comparison[0.0907]  EntRel[0.0723]  Expansion[0.4522]  NoRel[0.0002]  Temporal[0.0167]  Contingency[0.3680]  Expansion
Comparison[0.1803]  EntRel[0.1658]  Expansion[0.3898]  NoRel[0.0038]  Temporal[0.0452]  Contingency[0.2151]  Expansion
Comparison[0.0820]  EntRel[0.3029]  Expansion[0.3783]  NoRel[0.0311]  Temporal[0.0423]  Contingency[0.1635]  Expansion
Comparison[0.0986]  EntRel[0.0994]  Expansion[0.5129]  NoRel[0.0008]  Temporal[0.0108]  Contingency[0.2775]  Expansion
Comparison[0.1009]  EntRel[0.0412]  Expansion[0.6737]  NoRel[0.0018]  Temporal[0.0145]  Contingency[0.1679]  Expansion
Comparison[0.0862]  EntRel[0.1503]  Expansion[0.4916]  NoRel[0.0032]  Temporal[0.0186]  Contingency[0.2501]  Expansion
Comparison[0.0957]  EntRel[0.2767]  Expansion[0.3668]  NoRel[0.0158]  Temporal[0.0240]  Contingency[0.2210]  Expansion
Comparison[0.0651]  EntRel[0.4069]  Expansion[0.3494]  NoRel[0.0087]  Temporal[0.0157]  Contingency[0.1542]  EntRel
Comparison[0.0926]  EntRel[0.3009]  Expansion[0.3869]  NoRel[0.0009]  Temporal[0.0112]  Contingency[0.2076]  Expansion
Comparison[0.0703]  EntRel[0.0986]  Expansion[0.5781]  NoRel[0.0033]  Temporal[0.0103]  Contingency[0.2395]  Expansion
Comparison[0.0590]  EntRel[0.0630]  Expansion[0.4259]  NoRel[0.0001]  Temporal[0.0059]  Contingency[0.4460]  Contingency
Comparison[0.0666]  EntRel[0.1215]  Expansion[0.3421]  NoRel[0.0016]  Temporal[0.0198]  Contingency[0.4484]  Contingency
Comparison[0.0710]  EntRel[0.1025]  Expansion[0.2773]  NoRel[0.0015]  Temporal[0.0338]  Contingency[0.5139]  Contingency
Comparison[0.0738]  EntRel[0.2900]  Expansion[0.3856]  NoRel[0.0068]  Temporal[0.0181]  Contingency[0.2258]  Expansion
Comparison[0.1310]  EntRel[0.2031]  Expansion[0.4671]  NoRel[0.0051]  Temporal[0.0128]  Contingency[0.1809]  Expansion
Comparison[0.0873]  EntRel[0.0431]  Expansion[0.3935]  NoRel[0.0002]  Temporal[0.0090]  Contingency[0.4669]  Contingency
Comparison[0.0783]  EntRel[0.0186]  Expansion[0.3928]  NoRel[0.0001]  Temporal[0.0051]  Contingency[0.5051]  Contingency
Comparison[0.0517]  EntRel[0.0259]  Expansion[0.4194]  NoRel[0.0001]  Temporal[0.0039]  Contingency[0.4990]  Contingency
Comparison[0.0819]  EntRel[0.0464]  Expansion[0.4927]  NoRel[0.0003]  Temporal[0.0060]  Contingency[0.3728]  Expansion
Comparison[0.0885]  EntRel[0.1589]  Expansion[0.4338]  NoRel[0.0035]  Temporal[0.0504]  Contingency[0.2649]  Expansion
Comparison[0.0976]  EntRel[0.1691]  Expansion[0.4202]  NoRel[0.0198]  Temporal[0.0548]  Contingency[0.2385]  Expansion
Comparison[0.1013]  EntRel[0.1906]  Expansion[0.3875]  NoRel[0.0072]  Temporal[0.0846]  Contingency[0.2288]  Expansion
Comparison[0.0703]  EntRel[0.2775]  Expansion[0.3533]  NoRel[0.0289]  Temporal[0.0550]  Contingency[0.2150]  Expansion
Comparison[0.1511]  EntRel[0.2471]  Expansion[0.3950]  NoRel[0.0088]  Temporal[0.0594]  Contingency[0.1385]  Expansion
Comparison[0.1353]  EntRel[0.2677]  Expansion[0.3032]  NoRel[0.0195]  Temporal[0.1010]  Contingency[0.1732]  Expansion
Comparison[0.1157]  EntRel[0.2516]  Expansion[0.3789]  NoRel[0.0173]  Temporal[0.0633]  Contingency[0.1732]  Expansion
Comparison[0.0683]  EntRel[0.4448]  Expansion[0.3155]  NoRel[0.0262]  Temporal[0.0371]  Contingency[0.1081]  EntRel
Comparison[0.1679]  EntRel[0.2656]  Expansion[0.2922]  NoRel[0.0219]  Temporal[0.0407]  Contingency[0.2117]  Expansion
Comparison[0.0887]  EntRel[0.3546]  Expansion[0.2808]  NoRel[0.0382]  Temporal[0.0638]  Contingency[0.1738]  EntRel
Comparison[0.0827]  EntRel[0.3102]  Expansion[0.3852]  NoRel[0.0151]  Temporal[0.0694]  Contingency[0.1375]  Expansion
Comparison[0.1244]  EntRel[0.2664]  Expansion[0.3159]  NoRel[0.0239]  Temporal[0.1341]  Contingency[0.1352]  Expansion
Comparison[0.0796]  EntRel[0.1664]  Expansion[0.4270]  NoRel[0.0157]  Temporal[0.0462]  Contingency[0.2651]  Expansion
Comparison[0.0930]  EntRel[0.1761]  Expansion[0.4609]  NoRel[0.0057]  Temporal[0.0476]  Contingency[0.2167]  Expansion
Comparison[0.1131]  EntRel[0.2296]  Expansion[0.4021]  NoRel[0.0155]  Temporal[0.1146]  Contingency[0.1251]  Expansion
Comparison[0.1017]  EntRel[0.2801]  Expansion[0.4353]  NoRel[0.0090]  Temporal[0.0315]  Contingency[0.1424]  Expansion
Comparison[0.1206]  EntRel[0.2264]  Expansion[0.4528]  NoRel[0.0108]  Temporal[0.0727]  Contingency[0.1167]  Expansion
Comparison[0.1014]  EntRel[0.1011]  Expansion[0.5500]  NoRel[0.0031]  Temporal[0.0126]  Contingency[0.2318]  Expansion
Comparison[0.0930]  EntRel[0.2159]  Expansion[0.3847]  NoRel[0.0017]  Temporal[0.0560]  Contingency[0.2487]  Expansion
Comparison[0.1175]  EntRel[0.1791]  Expansion[0.4124]  NoRel[0.0059]  Temporal[0.0640]  Contingency[0.2211]  Expansion
Comparison[0.1312]  EntRel[0.1804]  Expansion[0.2582]  NoRel[0.0248]  Temporal[0.0984]  Contingency[0.3070]  Contingency
Comparison[0.0970]  EntRel[0.1700]  Expansion[0.4527]  NoRel[0.0208]  Temporal[0.0865]  Contingency[0.1729]  Expansion
Comparison[0.1142]  EntRel[0.2653]  Expansion[0.3277]  NoRel[0.0259]  Temporal[0.1631]  Contingency[0.1038]  Expansion
Comparison[0.0655]  EntRel[0.2357]  Expansion[0.3798]  NoRel[0.0218]  Temporal[0.1393]  Contingency[0.1579]  Expansion
Comparison[0.1143]  EntRel[0.2512]  Expansion[0.3596]  NoRel[0.0069]  Temporal[0.1059]  Contingency[0.1621]  Expansion
Comparison[0.0716]  EntRel[0.2731]  Expansion[0.4743]  NoRel[0.0051]  Temporal[0.0533]  Contingency[0.1225]  Expansion
Comparison[0.1173]  EntRel[0.2581]  Expansion[0.2737]  NoRel[0.0147]  Temporal[0.1284]  Contingency[0.2078]  Expansion
Comparison[0.0971]  EntRel[0.2581]  Expansion[0.3579]  NoRel[0.0188]  Temporal[0.1578]  Contingency[0.1103]  Expansion
Comparison[0.0680]  EntRel[0.4264]  Expansion[0.2973]  NoRel[0.0192]  Temporal[0.1201]  Contingency[0.0690]  EntRel
Comparison[0.1130]  EntRel[0.2870]  Expansion[0.3375]  NoRel[0.0215]  Temporal[0.1406]  Contingency[0.1004]  Expansion
Comparison[0.1347]  EntRel[0.3942]  Expansion[0.2945]  NoRel[0.0259]  Temporal[0.0670]  Contingency[0.0837]  EntRel
Comparison[0.1032]  EntRel[0.2612]  Expansion[0.2604]  NoRel[0.0553]  Temporal[0.1164]  Contingency[0.2036]  EntRel
Comparison[0.0697]  EntRel[0.2268]  Expansion[0.4691]  NoRel[0.0122]  Temporal[0.0860]  Contingency[0.1362]  Expansion
Comparison[0.0793]  EntRel[0.2977]  Expansion[0.2778]  NoRel[0.0070]  Temporal[0.2032]  Contingency[0.1349]  EntRel
Comparison[0.1155]  EntRel[0.3982]  Expansion[0.3430]  NoRel[0.0053]  Temporal[0.0561]  Contingency[0.0819]  EntRel
Comparison[0.0673]  EntRel[0.2276]  Expansion[0.4726]  NoRel[0.0073]  Temporal[0.1554]  Contingency[0.0698]  Expansion
Comparison[0.1434]  EntRel[0.3196]  Expansion[0.3133]  NoRel[0.0054]  Temporal[0.1493]  Contingency[0.0690]  EntRel
Comparison[0.0713]  EntRel[0.1877]  Expansion[0.5650]  NoRel[0.0053]  Temporal[0.0849]  Contingency[0.0859]  Expansion
Comparison[0.1449]  EntRel[0.1561]  Expansion[0.4088]  NoRel[0.0085]  Temporal[0.0951]  Contingency[0.1866]  Expansion
Comparison[0.1457]  EntRel[0.1154]  Expansion[0.5297]  NoRel[0.0103]  Temporal[0.0350]  Contingency[0.1638]  Expansion
Comparison[0.1024]  EntRel[0.1143]  Expansion[0.5411]  NoRel[0.0036]  Temporal[0.0969]  Contingency[0.1417]  Expansion
Comparison[0.0561]  EntRel[0.2064]  Expansion[0.5381]  NoRel[0.0017]  Temporal[0.1691]  Contingency[0.0286]  Expansion
Comparison[0.1336]  EntRel[0.3204]  Expansion[0.3400]  NoRel[0.0026]  Temporal[0.0841]  Contingency[0.1193]  Expansion
Comparison[0.1461]  EntRel[0.1942]  Expansion[0.3254]  NoRel[0.0115]  Temporal[0.2024]  Contingency[0.1204]  Expansion
Comparison[0.1475]  EntRel[0.1660]  Expansion[0.3508]  NoRel[0.0048]  Temporal[0.1208]  Contingency[0.2101]  Expansion
Comparison[0.1676]  EntRel[0.1387]  Expansion[0.4030]  NoRel[0.0007]  Temporal[0.0916]  Contingency[0.1984]  Expansion
Comparison[0.1422]  EntRel[0.2065]  Expansion[0.3452]  NoRel[0.0029]  Temporal[0.2251]  Contingency[0.0781]  Expansion
Comparison[0.0903]  EntRel[0.2330]  Expansion[0.3788]  NoRel[0.0048]  Temporal[0.1728]  Contingency[0.1202]  Expansion
Comparison[0.0602]  EntRel[0.2235]  Expansion[0.4935]  NoRel[0.0029]  Temporal[0.1289]  Contingency[0.0910]  Expansion
Comparison[0.0775]  EntRel[0.4872]  Expansion[0.1991]  NoRel[0.0038]  Temporal[0.1489]  Contingency[0.0835]  EntRel
Comparison[0.1058]  EntRel[0.4202]  Expansion[0.2286]  NoRel[0.0069]  Temporal[0.1366]  Contingency[0.1019]  EntRel
Comparison[0.0661]  EntRel[0.2098]  Expansion[0.5443]  NoRel[0.0160]  Temporal[0.1067]  Contingency[0.0570]  Expansion
Comparison[0.0975]  EntRel[0.2753]  Expansion[0.3799]  NoRel[0.0124]  Temporal[0.1040]  Contingency[0.1309]  Expansion
Comparison[0.0433]  EntRel[0.1837]  Expansion[0.6485]  NoRel[0.0038]  Temporal[0.1003]  Contingency[0.0204]  Expansion
Comparison[0.0982]  EntRel[0.2546]  Expansion[0.4920]  NoRel[0.0102]  Temporal[0.0754]  Contingency[0.0696]  Expansion
Comparison[0.0708]  EntRel[0.2008]  Expansion[0.5966]  NoRel[0.0048]  Temporal[0.0964]  Contingency[0.0306]  Expansion
Comparison[0.1276]  EntRel[0.2530]  Expansion[0.4283]  NoRel[0.0290]  Temporal[0.0540]  Contingency[0.1081]  Expansion
Comparison[0.0554]  EntRel[0.1785]  Expansion[0.6752]  NoRel[0.0062]  Temporal[0.0426]  Contingency[0.0420]  Expansion
Comparison[0.0705]  EntRel[0.3200]  Expansion[0.4581]  NoRel[0.0069]  Temporal[0.0753]  Contingency[0.0692]  Expansion
Comparison[0.1037]  EntRel[0.2136]  Expansion[0.4058]  NoRel[0.0082]  Temporal[0.0908]  Contingency[0.1779]  Expansion
Comparison[0.1633]  EntRel[0.1695]  Expansion[0.3261]  NoRel[0.0152]  Temporal[0.1976]  Contingency[0.1282]  Expansion
Comparison[0.1528]  EntRel[0.1586]  Expansion[0.4626]  NoRel[0.0339]  Temporal[0.0591]  Contingency[0.1330]  Expansion
Comparison[0.0650]  EntRel[0.2118]  Expansion[0.5070]  NoRel[0.0136]  Temporal[0.0687]  Contingency[0.1340]  Expansion
Comparison[0.1433]  EntRel[0.3219]  Expansion[0.2099]  NoRel[0.0034]  Temporal[0.1851]  Contingency[0.1365]  EntRel
Comparison[0.0690]  EntRel[0.4371]  Expansion[0.3374]  NoRel[0.0056]  Temporal[0.0634]  Contingency[0.0874]  EntRel
Comparison[0.1665]  EntRel[0.1672]  Expansion[0.2795]  NoRel[0.0257]  Temporal[0.1515]  Contingency[0.2096]  Expansion
Comparison[0.1240]  EntRel[0.1334]  Expansion[0.4229]  NoRel[0.0084]  Temporal[0.0783]  Contingency[0.2329]  Expansion
Comparison[0.0996]  EntRel[0.3052]  Expansion[0.4135]  NoRel[0.0183]  Temporal[0.0520]  Contingency[0.1114]  Expansion
Comparison[0.1108]  EntRel[0.3496]  Expansion[0.2677]  NoRel[0.0450]  Temporal[0.0905]  Contingency[0.1364]  EntRel
Comparison[0.0925]  EntRel[0.2780]  Expansion[0.2765]  NoRel[0.0360]  Temporal[0.0716]  Contingency[0.2454]  EntRel
Comparison[0.1171]  EntRel[0.2902]  Expansion[0.2922]  NoRel[0.0334]  Temporal[0.1242]  Contingency[0.1429]  Expansion
Comparison[0.1146]  EntRel[0.2641]  Expansion[0.3261]  NoRel[0.0313]  Temporal[0.1023]  Contingency[0.1616]  Expansion
Comparison[0.0697]  EntRel[0.2076]  Expansion[0.3189]  NoRel[0.0057]  Temporal[0.0597]  Contingency[0.3383]  Contingency
Comparison[0.0875]  EntRel[0.2759]  Expansion[0.4152]  NoRel[0.0009]  Temporal[0.0547]  Contingency[0.1659]  Expansion
Comparison[0.1365]  EntRel[0.3644]  Expansion[0.3001]  NoRel[0.0073]  Temporal[0.0490]  Contingency[0.1427]  EntRel
Comparison[0.1336]  EntRel[0.2626]  Expansion[0.4097]  NoRel[0.0232]  Temporal[0.0583]  Contingency[0.1127]  Expansion
Comparison[0.1690]  EntRel[0.2802]  Expansion[0.3627]  NoRel[0.0103]  Temporal[0.0917]  Contingency[0.0862]  Expansion
Comparison[0.1440]  EntRel[0.2720]  Expansion[0.4006]  NoRel[0.0262]  Temporal[0.0694]  Contingency[0.0878]  Expansion
Comparison[0.1912]  EntRel[0.2420]  Expansion[0.2827]  NoRel[0.0126]  Temporal[0.1158]  Contingency[0.1557]  Expansion
Comparison[0.1464]  EntRel[0.1832]  Expansion[0.2297]  NoRel[0.0046]  Temporal[0.3088]  Contingency[0.1274]  Temporal
Comparison[0.1150]  EntRel[0.3829]  Expansion[0.1932]  NoRel[0.0585]  Temporal[0.1328]  Contingency[0.1175]  EntRel
Comparison[0.1687]  EntRel[0.2951]  Expansion[0.1500]  NoRel[0.0125]  Temporal[0.2969]  Contingency[0.0768]  Temporal
Comparison[0.1178]  EntRel[0.2050]  Expansion[0.3571]  NoRel[0.0084]  Temporal[0.1542]  Contingency[0.1574]  Expansion
Comparison[0.1128]  EntRel[0.2138]  Expansion[0.4744]  NoRel[0.0040]  Temporal[0.1304]  Contingency[0.0646]  Expansion
Comparison[0.1432]  EntRel[0.3248]  Expansion[0.2747]  NoRel[0.0276]  Temporal[0.1351]  Contingency[0.0946]  EntRel
Comparison[0.1770]  EntRel[0.3630]  Expansion[0.2413]  NoRel[0.0196]  Temporal[0.0871]  Contingency[0.1119]  EntRel
Comparison[0.0829]  EntRel[0.1706]  Expansion[0.5202]  NoRel[0.0086]  Temporal[0.0549]  Contingency[0.1627]  Expansion
Comparison[0.0914]  EntRel[0.3278]  Expansion[0.3264]  NoRel[0.0082]  Temporal[0.0363]  Contingency[0.2098]  EntRel
Comparison[0.0563]  EntRel[0.3967]  Expansion[0.3430]  NoRel[0.0287]  Temporal[0.0208]  Contingency[0.1546]  EntRel
Comparison[0.1414]  EntRel[0.3104]  Expansion[0.2990]  NoRel[0.0193]  Temporal[0.0954]  Contingency[0.1346]  EntRel
Comparison[0.1084]  EntRel[0.3420]  Expansion[0.3528]  NoRel[0.0042]  Temporal[0.0910]  Contingency[0.1015]  Expansion
Comparison[0.1212]  EntRel[0.3328]  Expansion[0.2900]  NoRel[0.0124]  Temporal[0.0952]  Contingency[0.1485]  EntRel
Comparison[0.0977]  EntRel[0.3511]  Expansion[0.3759]  NoRel[0.0037]  Temporal[0.0871]  Contingency[0.0845]  Expansion
Comparison[0.1295]  EntRel[0.2205]  Expansion[0.4850]  NoRel[0.0011]  Temporal[0.0574]  Contingency[0.1066]  Expansion
