Comparison[0.0844]  EntRel[0.2374]  Expansion[0.3397]  NoRel[0.0099]  Temporal[0.0721]  Contingency[0.2564]  Expansion
Comparison[0.0537]  EntRel[0.3266]  Expansion[0.3457]  NoRel[0.0104]  Temporal[0.1104]  Contingency[0.1532]  Expansion
Comparison[0.0776]  EntRel[0.3358]  Expansion[0.3581]  NoRel[0.0077]  Temporal[0.0696]  Contingency[0.1512]  Expansion
Comparison[0.1020]  EntRel[0.3579]  Expansion[0.3002]  NoRel[0.0113]  Temporal[0.1088]  Contingency[0.1198]  EntRel
Comparison[0.0950]  EntRel[0.3307]  Expansion[0.2376]  NoRel[0.0592]  Temporal[0.1232]  Contingency[0.1543]  EntRel
Comparison[0.1203]  EntRel[0.2518]  Expansion[0.1672]  NoRel[0.0819]  Temporal[0.2589]  Contingency[0.1198]  Temporal
Comparison[0.0969]  EntRel[0.1708]  Expansion[0.3677]  NoRel[0.0250]  Temporal[0.1654]  Contingency[0.1740]  Expansion
Comparison[0.0846]  EntRel[0.3556]  Expansion[0.2881]  NoRel[0.0171]  Temporal[0.0808]  Contingency[0.1739]  EntRel
Comparison[0.0744]  EntRel[0.4328]  Expansion[0.2934]  NoRel[0.0169]  Temporal[0.0622]  Contingency[0.1202]  EntRel
Comparison[0.1332]  EntRel[0.1843]  Expansion[0.3987]  NoRel[0.0119]  Temporal[0.0670]  Contingency[0.2048]  Expansion
Comparison[0.1119]  EntRel[0.3500]  Expansion[0.3181]  NoRel[0.0185]  Temporal[0.0494]  Contingency[0.1521]  EntRel
Comparison[0.1969]  EntRel[0.1768]  Expansion[0.3560]  NoRel[0.0079]  Temporal[0.0416]  Contingency[0.2209]  Expansion
Comparison[0.0919]  EntRel[0.2087]  Expansion[0.4317]  NoRel[0.0084]  Temporal[0.0799]  Contingency[0.1795]  Expansion
Comparison[0.1010]  EntRel[0.1377]  Expansion[0.6246]  NoRel[0.0010]  Temporal[0.0020]  Contingency[0.1338]  Expansion
Comparison[0.0818]  EntRel[0.3947]  Expansion[0.3793]  NoRel[0.0060]  Temporal[0.0135]  Contingency[0.1247]  EntRel
Comparison[0.1038]  EntRel[0.3654]  Expansion[0.3223]  NoRel[0.0052]  Temporal[0.0972]  Contingency[0.1061]  EntRel
Comparison[0.0832]  EntRel[0.3121]  Expansion[0.4812]  NoRel[0.0047]  Temporal[0.0545]  Contingency[0.0643]  Expansion
Comparison[0.1482]  EntRel[0.2211]  Expansion[0.3645]  NoRel[0.0059]  Temporal[0.1332]  Contingency[0.1271]  Expansion
Comparison[0.0718]  EntRel[0.3408]  Expansion[0.4187]  NoRel[0.0053]  Temporal[0.0687]  Contingency[0.0947]  Expansion
Comparison[0.0964]  EntRel[0.2083]  Expansion[0.3269]  NoRel[0.0068]  Temporal[0.2383]  Contingency[0.1233]  Expansion
Comparison[0.0973]  EntRel[0.3982]  Expansion[0.3080]  NoRel[0.0037]  Temporal[0.0884]  Contingency[0.1043]  EntRel
Comparison[0.0915]  EntRel[0.6408]  Expansion[0.1852]  NoRel[0.0057]  Temporal[0.0219]  Contingency[0.0549]  EntRel
Comparison[0.1293]  EntRel[0.3346]  Expansion[0.2745]  NoRel[0.0166]  Temporal[0.0846]  Contingency[0.1604]  EntRel
Comparison[0.1453]  EntRel[0.1699]  Expansion[0.4536]  NoRel[0.0024]  Temporal[0.1788]  Contingency[0.0501]  Expansion
Comparison[0.1701]  EntRel[0.2687]  Expansion[0.4015]  NoRel[0.0008]  Temporal[0.1202]  Contingency[0.0388]  Expansion
Comparison[0.0791]  EntRel[0.2739]  Expansion[0.4109]  NoRel[0.0120]  Temporal[0.1146]  Contingency[0.1094]  Expansion
Comparison[0.0607]  EntRel[0.3075]  Expansion[0.4523]  NoRel[0.0114]  Temporal[0.0792]  Contingency[0.0889]  Expansion
Comparison[0.1189]  EntRel[0.3372]  Expansion[0.3249]  NoRel[0.0057]  Temporal[0.1024]  Contingency[0.1110]  EntRel
Comparison[0.0687]  EntRel[0.2906]  Expansion[0.4046]  NoRel[0.0086]  Temporal[0.0902]  Contingency[0.1372]  Expansion
Comparison[0.1250]  EntRel[0.3035]  Expansion[0.2927]  NoRel[0.0069]  Temporal[0.1884]  Contingency[0.0835]  EntRel
Comparison[0.0870]  EntRel[0.3474]  Expansion[0.3700]  NoRel[0.0199]  Temporal[0.0752]  Contingency[0.1006]  Expansion
Comparison[0.0596]  EntRel[0.2989]  Expansion[0.3891]  NoRel[0.0100]  Temporal[0.1304]  Contingency[0.1121]  Expansion
Comparison[0.1034]  EntRel[0.2664]  Expansion[0.2507]  NoRel[0.0112]  Temporal[0.2123]  Contingency[0.1560]  EntRel
Comparison[0.0883]  EntRel[0.3054]  Expansion[0.3448]  NoRel[0.0137]  Temporal[0.1414]  Contingency[0.1064]  Expansion
Comparison[0.0856]  EntRel[0.2434]  Expansion[0.3516]  NoRel[0.0109]  Temporal[0.1447]  Contingency[0.1638]  Expansion
Comparison[0.0984]  EntRel[0.2731]  Expansion[0.3279]  NoRel[0.0035]  Temporal[0.1228]  Contingency[0.1743]  Expansion
Comparison[0.0763]  EntRel[0.3471]  Expansion[0.4568]  NoRel[0.0109]  Temporal[0.0217]  Contingency[0.0872]  Expansion
Comparison[0.1780]  EntRel[0.2704]  Expansion[0.3973]  NoRel[0.0099]  Temporal[0.0734]  Contingency[0.0710]  Expansion
Comparison[0.0795]  EntRel[0.3772]  Expansion[0.3167]  NoRel[0.0128]  Temporal[0.1084]  Contingency[0.1054]  EntRel
Comparison[0.0549]  EntRel[0.5155]  Expansion[0.2926]  NoRel[0.0049]  Temporal[0.0715]  Contingency[0.0606]  EntRel
Comparison[0.1299]  EntRel[0.2295]  Expansion[0.5156]  NoRel[0.0064]  Temporal[0.0948]  Contingency[0.0237]  Expansion
Comparison[0.1046]  EntRel[0.2762]  Expansion[0.3193]  NoRel[0.0292]  Temporal[0.1636]  Contingency[0.1070]  Expansion
Comparison[0.0766]  EntRel[0.2622]  Expansion[0.5016]  NoRel[0.0116]  Temporal[0.0822]  Contingency[0.0659]  Expansion
Comparison[0.1283]  EntRel[0.1843]  Expansion[0.4884]  NoRel[0.0108]  Temporal[0.0944]  Contingency[0.0939]  Expansion
Comparison[0.0598]  EntRel[0.3157]  Expansion[0.3650]  NoRel[0.0087]  Temporal[0.1484]  Contingency[0.1025]  Expansion
Comparison[0.1480]  EntRel[0.2115]  Expansion[0.3567]  NoRel[0.0148]  Temporal[0.1267]  Contingency[0.1424]  Expansion
Comparison[0.0973]  EntRel[0.1667]  Expansion[0.4366]  NoRel[0.0042]  Temporal[0.0376]  Contingency[0.2575]  Expansion
Comparison[0.1678]  EntRel[0.1914]  Expansion[0.4282]  NoRel[0.0096]  Temporal[0.1347]  Contingency[0.0682]  Expansion
Comparison[0.2074]  EntRel[0.3059]  Expansion[0.2625]  NoRel[0.0117]  Temporal[0.0979]  Contingency[0.1146]  EntRel
Comparison[0.1470]  EntRel[0.2459]  Expansion[0.3012]  NoRel[0.0458]  Temporal[0.0741]  Contingency[0.1860]  Expansion
Comparison[0.1286]  EntRel[0.2523]  Expansion[0.3398]  NoRel[0.0037]  Temporal[0.1052]  Contingency[0.1705]  Expansion
Comparison[0.1123]  EntRel[0.1656]  Expansion[0.4904]  NoRel[0.0019]  Temporal[0.1113]  Contingency[0.1184]  Expansion
Comparison[0.1006]  EntRel[0.2818]  Expansion[0.3028]  NoRel[0.0239]  Temporal[0.1195]  Contingency[0.1713]  Expansion
Comparison[0.0908]  EntRel[0.1440]  Expansion[0.5581]  NoRel[0.0072]  Temporal[0.1040]  Contingency[0.0959]  Expansion
Comparison[0.2580]  EntRel[0.1563]  Expansion[0.2622]  NoRel[0.0048]  Temporal[0.1533]  Contingency[0.1653]  Expansion
Comparison[0.1427]  EntRel[0.2853]  Expansion[0.3224]  NoRel[0.0097]  Temporal[0.1406]  Contingency[0.0992]  Expansion
Comparison[0.0760]  EntRel[0.3363]  Expansion[0.3151]  NoRel[0.0183]  Temporal[0.0950]  Contingency[0.1593]  EntRel
Comparison[0.0800]  EntRel[0.3542]  Expansion[0.3242]  NoRel[0.0450]  Temporal[0.0556]  Contingency[0.1410]  EntRel
Comparison[0.1331]  EntRel[0.1693]  Expansion[0.4956]  NoRel[0.0026]  Temporal[0.1145]  Contingency[0.0849]  Expansion
Comparison[0.0978]  EntRel[0.1897]  Expansion[0.5001]  NoRel[0.0014]  Temporal[0.0992]  Contingency[0.1116]  Expansion
Comparison[0.0778]  EntRel[0.2925]  Expansion[0.3413]  NoRel[0.0150]  Temporal[0.0822]  Contingency[0.1911]  Expansion
Comparison[0.1272]  EntRel[0.2953]  Expansion[0.2690]  NoRel[0.0278]  Temporal[0.0570]  Contingency[0.2237]  EntRel
Comparison[0.1167]  EntRel[0.1557]  Expansion[0.5146]  NoRel[0.0040]  Temporal[0.0498]  Contingency[0.1592]  Expansion
Comparison[0.0920]  EntRel[0.1199]  Expansion[0.3436]  NoRel[0.0193]  Temporal[0.0784]  Contingency[0.3469]  Contingency
Comparison[0.0824]  EntRel[0.4078]  Expansion[0.2818]  NoRel[0.0139]  Temporal[0.0462]  Contingency[0.1680]  EntRel
Comparison[0.1309]  EntRel[0.2730]  Expansion[0.2522]  NoRel[0.0652]  Temporal[0.1384]  Contingency[0.1402]  EntRel
Comparison[0.1162]  EntRel[0.2811]  Expansion[0.3033]  NoRel[0.0581]  Temporal[0.1224]  Contingency[0.1189]  Expansion
Comparison[0.1162]  EntRel[0.2811]  Expansion[0.3033]  NoRel[0.0581]  Temporal[0.1224]  Contingency[0.1189]  Expansion
Comparison[0.1234]  EntRel[0.2420]  Expansion[0.3149]  NoRel[0.0686]  Temporal[0.0977]  Contingency[0.1535]  Expansion
Comparison[0.1178]  EntRel[0.2843]  Expansion[0.3014]  NoRel[0.0492]  Temporal[0.1157]  Contingency[0.1316]  Expansion
Comparison[0.0647]  EntRel[0.3508]  Expansion[0.4069]  NoRel[0.0065]  Temporal[0.0885]  Contingency[0.0827]  Expansion
Comparison[0.1093]  EntRel[0.4094]  Expansion[0.2106]  NoRel[0.0732]  Temporal[0.0762]  Contingency[0.1213]  EntRel
Comparison[0.1760]  EntRel[0.3375]  Expansion[0.1911]  NoRel[0.0422]  Temporal[0.1676]  Contingency[0.0856]  EntRel
Comparison[0.0790]  EntRel[0.3910]  Expansion[0.3009]  NoRel[0.0267]  Temporal[0.0514]  Contingency[0.1509]  EntRel
Comparison[0.1575]  EntRel[0.2733]  Expansion[0.2872]  NoRel[0.0525]  Temporal[0.0781]  Contingency[0.1515]  Expansion
Comparison[0.1680]  EntRel[0.2755]  Expansion[0.2257]  NoRel[0.0952]  Temporal[0.1517]  Contingency[0.0838]  EntRel
Comparison[0.1417]  EntRel[0.2179]  Expansion[0.2767]  NoRel[0.0756]  Temporal[0.1191]  Contingency[0.1689]  Expansion
Comparison[0.1816]  EntRel[0.3173]  Expansion[0.2089]  NoRel[0.0592]  Temporal[0.1395]  Contingency[0.0935]  EntRel
Comparison[0.1704]  EntRel[0.3261]  Expansion[0.2297]  NoRel[0.0421]  Temporal[0.1388]  Contingency[0.0929]  EntRel
Comparison[0.0811]  EntRel[0.3966]  Expansion[0.2954]  NoRel[0.0239]  Temporal[0.0574]  Contingency[0.1456]  EntRel
Comparison[0.0804]  EntRel[0.2008]  Expansion[0.4782]  NoRel[0.0304]  Temporal[0.0550]  Contingency[0.1552]  Expansion
Comparison[0.1142]  EntRel[0.2581]  Expansion[0.3625]  NoRel[0.0453]  Temporal[0.1277]  Contingency[0.0922]  Expansion
Comparison[0.1204]  EntRel[0.3077]  Expansion[0.3002]  NoRel[0.0369]  Temporal[0.0959]  Contingency[0.1389]  EntRel
Comparison[0.1167]  EntRel[0.2783]  Expansion[0.3697]  NoRel[0.0232]  Temporal[0.1391]  Contingency[0.0729]  Expansion
Comparison[0.1468]  EntRel[0.2538]  Expansion[0.2720]  NoRel[0.1014]  Temporal[0.1201]  Contingency[0.1059]  Expansion
Comparison[0.1252]  EntRel[0.3231]  Expansion[0.2394]  NoRel[0.0436]  Temporal[0.1178]  Contingency[0.1511]  EntRel
Comparison[0.1160]  EntRel[0.4997]  Expansion[0.2539]  NoRel[0.0167]  Temporal[0.0595]  Contingency[0.0542]  EntRel
Comparison[0.1133]  EntRel[0.2611]  Expansion[0.3480]  NoRel[0.0456]  Temporal[0.0647]  Contingency[0.1674]  Expansion
Comparison[0.1695]  EntRel[0.2795]  Expansion[0.2564]  NoRel[0.0662]  Temporal[0.1385]  Contingency[0.0899]  EntRel
Comparison[0.1481]  EntRel[0.2070]  Expansion[0.2448]  NoRel[0.0850]  Temporal[0.1226]  Contingency[0.1924]  Expansion
Comparison[0.1423]  EntRel[0.2067]  Expansion[0.2664]  NoRel[0.0775]  Temporal[0.1166]  Contingency[0.1905]  Expansion
Comparison[0.1285]  EntRel[0.1982]  Expansion[0.3358]  NoRel[0.0647]  Temporal[0.1108]  Contingency[0.1621]  Expansion
Comparison[0.1549]  EntRel[0.2558]  Expansion[0.2931]  NoRel[0.0615]  Temporal[0.1087]  Contingency[0.1260]  Expansion
Comparison[0.0883]  EntRel[0.3017]  Expansion[0.3834]  NoRel[0.0168]  Temporal[0.0263]  Contingency[0.1835]  Expansion
Comparison[0.1804]  EntRel[0.3185]  Expansion[0.1051]  NoRel[0.0782]  Temporal[0.2167]  Contingency[0.1011]  EntRel
Comparison[0.1388]  EntRel[0.3791]  Expansion[0.2776]  NoRel[0.0295]  Temporal[0.0896]  Contingency[0.0852]  EntRel
Comparison[0.0716]  EntRel[0.2901]  Expansion[0.4929]  NoRel[0.0240]  Temporal[0.0311]  Contingency[0.0903]  Expansion
Comparison[0.0713]  EntRel[0.3554]  Expansion[0.3789]  NoRel[0.0179]  Temporal[0.0196]  Contingency[0.1569]  Expansion
Comparison[0.1215]  EntRel[0.2406]  Expansion[0.2967]  NoRel[0.0718]  Temporal[0.1266]  Contingency[0.1426]  Expansion
