Comparison[0.0529]  EntRel[0.2496]  Expansion[0.4010]  NoRel[0.0041]  Temporal[0.0556]  Contingency[0.2368]  Expansion
Comparison[0.0836]  EntRel[0.2509]  Expansion[0.3575]  NoRel[0.0060]  Temporal[0.0828]  Contingency[0.2192]  Expansion
Comparison[0.1023]  EntRel[0.2483]  Expansion[0.3599]  NoRel[0.0168]  Temporal[0.0478]  Contingency[0.2250]  Expansion
Comparison[0.0782]  EntRel[0.2713]  Expansion[0.3667]  NoRel[0.0190]  Temporal[0.0632]  Contingency[0.2016]  Expansion
Comparison[0.0861]  EntRel[0.2434]  Expansion[0.4044]  NoRel[0.0201]  Temporal[0.1220]  Contingency[0.1239]  Expansion
Comparison[0.1114]  EntRel[0.3981]  Expansion[0.2789]  NoRel[0.0090]  Temporal[0.0821]  Contingency[0.1204]  EntRel
Comparison[0.1341]  EntRel[0.1926]  Expansion[0.3993]  NoRel[0.0123]  Temporal[0.0480]  Contingency[0.2138]  Expansion
Comparison[0.1245]  EntRel[0.2580]  Expansion[0.3401]  NoRel[0.0321]  Temporal[0.0895]  Contingency[0.1559]  Expansion
Comparison[0.2156]  EntRel[0.3169]  Expansion[0.1075]  NoRel[0.0341]  Temporal[0.2432]  Contingency[0.0827]  EntRel
Comparison[0.0715]  EntRel[0.1797]  Expansion[0.4109]  NoRel[0.0074]  Temporal[0.0455]  Contingency[0.2849]  Expansion
Comparison[0.0453]  EntRel[0.1804]  Expansion[0.4951]  NoRel[0.0015]  Temporal[0.1504]  Contingency[0.1272]  Expansion
Comparison[0.1398]  EntRel[0.2467]  Expansion[0.2695]  NoRel[0.0407]  Temporal[0.0735]  Contingency[0.2299]  Expansion
Comparison[0.1450]  EntRel[0.1579]  Expansion[0.3206]  NoRel[0.0126]  Temporal[0.0451]  Contingency[0.3188]  Expansion
Comparison[0.0727]  EntRel[0.1422]  Expansion[0.3372]  NoRel[0.0037]  Temporal[0.0103]  Contingency[0.4338]  Contingency
Comparison[0.0781]  EntRel[0.4079]  Expansion[0.2019]  NoRel[0.0109]  Temporal[0.0336]  Contingency[0.2675]  EntRel
Comparison[0.1323]  EntRel[0.1948]  Expansion[0.3578]  NoRel[0.0311]  Temporal[0.0599]  Contingency[0.2241]  Expansion
Comparison[0.1169]  EntRel[0.1864]  Expansion[0.4223]  NoRel[0.0090]  Temporal[0.0221]  Contingency[0.2433]  Expansion
Comparison[0.1370]  EntRel[0.1641]  Expansion[0.3016]  NoRel[0.0134]  Temporal[0.0621]  Contingency[0.3218]  Contingency
Comparison[0.1217]  EntRel[0.2285]  Expansion[0.2800]  NoRel[0.0383]  Temporal[0.0216]  Contingency[0.3100]  Contingency
Comparison[0.0781]  EntRel[0.3418]  Expansion[0.3746]  NoRel[0.0185]  Temporal[0.0063]  Contingency[0.1807]  Expansion
Comparison[0.1355]  EntRel[0.2219]  Expansion[0.3221]  NoRel[0.0058]  Temporal[0.0486]  Contingency[0.2662]  Expansion
Comparison[0.0778]  EntRel[0.1862]  Expansion[0.5104]  NoRel[0.0167]  Temporal[0.0407]  Contingency[0.1682]  Expansion
Comparison[0.1285]  EntRel[0.3327]  Expansion[0.2838]  NoRel[0.0296]  Temporal[0.0820]  Contingency[0.1433]  EntRel
Comparison[0.0892]  EntRel[0.3773]  Expansion[0.2982]  NoRel[0.0233]  Temporal[0.0298]  Contingency[0.1823]  EntRel
Comparison[0.0692]  EntRel[0.4593]  Expansion[0.2910]  NoRel[0.0115]  Temporal[0.0248]  Contingency[0.1443]  EntRel
Comparison[0.1210]  EntRel[0.2684]  Expansion[0.3642]  NoRel[0.0256]  Temporal[0.0659]  Contingency[0.1549]  Expansion
Comparison[0.0584]  EntRel[0.1454]  Expansion[0.5606]  NoRel[0.0014]  Temporal[0.0240]  Contingency[0.2101]  Expansion
Comparison[0.0844]  EntRel[0.1215]  Expansion[0.5160]  NoRel[0.0007]  Temporal[0.0181]  Contingency[0.2593]  Expansion
Comparison[0.1541]  EntRel[0.4476]  Expansion[0.1798]  NoRel[0.0181]  Temporal[0.0995]  Contingency[0.1009]  EntRel
Comparison[0.0817]  EntRel[0.2471]  Expansion[0.4454]  NoRel[0.0105]  Temporal[0.0378]  Contingency[0.1775]  Expansion
Comparison[0.0999]  EntRel[0.1526]  Expansion[0.5686]  NoRel[0.0049]  Temporal[0.0046]  Contingency[0.1694]  Expansion
Comparison[0.0413]  EntRel[0.5043]  Expansion[0.3736]  NoRel[0.0173]  Temporal[0.0080]  Contingency[0.0554]  EntRel
Comparison[0.0936]  EntRel[0.2789]  Expansion[0.3950]  NoRel[0.0034]  Temporal[0.0364]  Contingency[0.1926]  Expansion
Comparison[0.0821]  EntRel[0.1353]  Expansion[0.4334]  NoRel[0.0056]  Temporal[0.0119]  Contingency[0.3316]  Expansion
Comparison[0.1680]  EntRel[0.3579]  Expansion[0.2603]  NoRel[0.0192]  Temporal[0.0433]  Contingency[0.1513]  EntRel
Comparison[0.1587]  EntRel[0.2383]  Expansion[0.3360]  NoRel[0.0247]  Temporal[0.0219]  Contingency[0.2203]  Expansion
Comparison[0.0826]  EntRel[0.3168]  Expansion[0.3633]  NoRel[0.0113]  Temporal[0.0531]  Contingency[0.1730]  Expansion
Comparison[0.1441]  EntRel[0.2641]  Expansion[0.3252]  NoRel[0.0277]  Temporal[0.0775]  Contingency[0.1614]  Expansion
Comparison[0.1250]  EntRel[0.2477]  Expansion[0.3334]  NoRel[0.0250]  Temporal[0.0343]  Contingency[0.2346]  Expansion
Comparison[0.0949]  EntRel[0.3262]  Expansion[0.3583]  NoRel[0.0175]  Temporal[0.0253]  Contingency[0.1778]  Expansion
Comparison[0.1246]  EntRel[0.1938]  Expansion[0.4646]  NoRel[0.0125]  Temporal[0.0243]  Contingency[0.1803]  Expansion
Comparison[0.1116]  EntRel[0.2670]  Expansion[0.3600]  NoRel[0.0106]  Temporal[0.0684]  Contingency[0.1824]  Expansion
Comparison[0.1049]  EntRel[0.3235]  Expansion[0.3367]  NoRel[0.0219]  Temporal[0.0306]  Contingency[0.1825]  Expansion
Comparison[0.0955]  EntRel[0.2014]  Expansion[0.4832]  NoRel[0.0254]  Temporal[0.0354]  Contingency[0.1591]  Expansion
Comparison[0.0595]  EntRel[0.2553]  Expansion[0.4017]  NoRel[0.0127]  Temporal[0.0779]  Contingency[0.1930]  Expansion
Comparison[0.0533]  EntRel[0.3748]  Expansion[0.3354]  NoRel[0.0054]  Temporal[0.1114]  Contingency[0.1198]  EntRel
Comparison[0.0679]  EntRel[0.2592]  Expansion[0.4455]  NoRel[0.0066]  Temporal[0.1764]  Contingency[0.0444]  Expansion
Comparison[0.0833]  EntRel[0.3088]  Expansion[0.3606]  NoRel[0.0019]  Temporal[0.1420]  Contingency[0.1034]  Expansion
Comparison[0.0868]  EntRel[0.2884]  Expansion[0.3919]  NoRel[0.0229]  Temporal[0.0492]  Contingency[0.1607]  Expansion
Comparison[0.0816]  EntRel[0.1438]  Expansion[0.4104]  NoRel[0.0049]  Temporal[0.0412]  Contingency[0.3180]  Expansion
Comparison[0.1048]  EntRel[0.2747]  Expansion[0.3906]  NoRel[0.0126]  Temporal[0.0531]  Contingency[0.1642]  Expansion
Comparison[0.1040]  EntRel[0.2334]  Expansion[0.4029]  NoRel[0.0142]  Temporal[0.0851]  Contingency[0.1602]  Expansion
Comparison[0.0534]  EntRel[0.4000]  Expansion[0.3270]  NoRel[0.0112]  Temporal[0.0924]  Contingency[0.1160]  EntRel
Comparison[0.1120]  EntRel[0.2090]  Expansion[0.4973]  NoRel[0.0118]  Temporal[0.0329]  Contingency[0.1370]  Expansion
Comparison[0.0781]  EntRel[0.2943]  Expansion[0.4630]  NoRel[0.0046]  Temporal[0.0545]  Contingency[0.1054]  Expansion
Comparison[0.1517]  EntRel[0.2930]  Expansion[0.3160]  NoRel[0.0128]  Temporal[0.0741]  Contingency[0.1523]  Expansion
Comparison[0.0788]  EntRel[0.2742]  Expansion[0.3295]  NoRel[0.0290]  Temporal[0.0910]  Contingency[0.1975]  Expansion
Comparison[0.1165]  EntRel[0.3920]  Expansion[0.3043]  NoRel[0.0080]  Temporal[0.0661]  Contingency[0.1130]  EntRel
Comparison[0.1130]  EntRel[0.3344]  Expansion[0.2703]  NoRel[0.0311]  Temporal[0.0380]  Contingency[0.2132]  EntRel
Comparison[0.0983]  EntRel[0.3212]  Expansion[0.2583]  NoRel[0.0283]  Temporal[0.0562]  Contingency[0.2377]  EntRel
Comparison[0.0718]  EntRel[0.3608]  Expansion[0.2933]  NoRel[0.0174]  Temporal[0.0212]  Contingency[0.2356]  EntRel
Comparison[0.0923]  EntRel[0.2808]  Expansion[0.4033]  NoRel[0.0043]  Temporal[0.0372]  Contingency[0.1820]  Expansion
Comparison[0.1533]  EntRel[0.3353]  Expansion[0.2763]  NoRel[0.0243]  Temporal[0.0199]  Contingency[0.1910]  EntRel
Comparison[0.1218]  EntRel[0.2652]  Expansion[0.3179]  NoRel[0.0431]  Temporal[0.0860]  Contingency[0.1660]  Expansion
Comparison[0.0497]  EntRel[0.2430]  Expansion[0.4606]  NoRel[0.0157]  Temporal[0.0816]  Contingency[0.1495]  Expansion
Comparison[0.1672]  EntRel[0.1818]  Expansion[0.3994]  NoRel[0.0054]  Temporal[0.0594]  Contingency[0.1868]  Expansion
Comparison[0.1087]  EntRel[0.2582]  Expansion[0.3700]  NoRel[0.0244]  Temporal[0.0776]  Contingency[0.1610]  Expansion
Comparison[0.0884]  EntRel[0.3037]  Expansion[0.3555]  NoRel[0.0261]  Temporal[0.0078]  Contingency[0.2186]  Expansion
Comparison[0.0738]  EntRel[0.1811]  Expansion[0.4710]  NoRel[0.0013]  Temporal[0.0275]  Contingency[0.2453]  Expansion
Comparison[0.0665]  EntRel[0.2990]  Expansion[0.3912]  NoRel[0.0092]  Temporal[0.0690]  Contingency[0.1651]  Expansion
Comparison[0.1228]  EntRel[0.2237]  Expansion[0.3565]  NoRel[0.0041]  Temporal[0.1411]  Contingency[0.1517]  Expansion
Comparison[0.1100]  EntRel[0.2700]  Expansion[0.2744]  NoRel[0.0083]  Temporal[0.1851]  Contingency[0.1522]  Expansion
Comparison[0.0577]  EntRel[0.2104]  Expansion[0.3318]  NoRel[0.0110]  Temporal[0.0504]  Contingency[0.3387]  Contingency
Comparison[0.1675]  EntRel[0.2309]  Expansion[0.2425]  NoRel[0.0087]  Temporal[0.1724]  Contingency[0.1781]  Expansion
Comparison[0.1229]  EntRel[0.2693]  Expansion[0.3707]  NoRel[0.0177]  Temporal[0.1160]  Contingency[0.1035]  Expansion
Comparison[0.1362]  EntRel[0.1701]  Expansion[0.2783]  NoRel[0.0114]  Temporal[0.3013]  Contingency[0.1027]  Temporal
Comparison[0.1697]  EntRel[0.1000]  Expansion[0.4699]  NoRel[0.0118]  Temporal[0.0491]  Contingency[0.1995]  Expansion
Comparison[0.1036]  EntRel[0.3179]  Expansion[0.4847]  NoRel[0.0170]  Temporal[0.0142]  Contingency[0.0626]  Expansion
Comparison[0.0917]  EntRel[0.1977]  Expansion[0.4278]  NoRel[0.0093]  Temporal[0.0855]  Contingency[0.1879]  Expansion
Comparison[0.1182]  EntRel[0.2869]  Expansion[0.2873]  NoRel[0.0046]  Temporal[0.0741]  Contingency[0.2288]  Expansion
Comparison[0.0746]  EntRel[0.3053]  Expansion[0.3123]  NoRel[0.0068]  Temporal[0.0885]  Contingency[0.2126]  Expansion
Comparison[0.1259]  EntRel[0.2488]  Expansion[0.3150]  NoRel[0.0186]  Temporal[0.1636]  Contingency[0.1280]  Expansion
Comparison[0.0838]  EntRel[0.2318]  Expansion[0.3350]  NoRel[0.0230]  Temporal[0.1636]  Contingency[0.1627]  Expansion
Comparison[0.1131]  EntRel[0.1395]  Expansion[0.4102]  NoRel[0.0060]  Temporal[0.0804]  Contingency[0.2508]  Expansion
Comparison[0.0930]  EntRel[0.1391]  Expansion[0.4643]  NoRel[0.0011]  Temporal[0.0589]  Contingency[0.2436]  Expansion
Comparison[0.0983]  EntRel[0.3304]  Expansion[0.4052]  NoRel[0.0082]  Temporal[0.0685]  Contingency[0.0893]  Expansion
Comparison[0.1274]  EntRel[0.2626]  Expansion[0.3141]  NoRel[0.0075]  Temporal[0.0488]  Contingency[0.2395]  Expansion
Comparison[0.0665]  EntRel[0.2601]  Expansion[0.4896]  NoRel[0.0027]  Temporal[0.0427]  Contingency[0.1385]  Expansion
Comparison[0.1608]  EntRel[0.4817]  Expansion[0.1793]  NoRel[0.0072]  Temporal[0.0830]  Contingency[0.0880]  EntRel
Comparison[0.1009]  EntRel[0.3040]  Expansion[0.2782]  NoRel[0.0307]  Temporal[0.0774]  Contingency[0.2088]  EntRel
Comparison[0.1437]  EntRel[0.2158]  Expansion[0.3983]  NoRel[0.0297]  Temporal[0.0554]  Contingency[0.1571]  Expansion
Comparison[0.1264]  EntRel[0.2682]  Expansion[0.3942]  NoRel[0.0218]  Temporal[0.0265]  Contingency[0.1630]  Expansion
Comparison[0.0845]  EntRel[0.1802]  Expansion[0.4150]  NoRel[0.0139]  Temporal[0.0481]  Contingency[0.2583]  Expansion
Comparison[0.1370]  EntRel[0.2814]  Expansion[0.3970]  NoRel[0.0187]  Temporal[0.0279]  Contingency[0.1380]  Expansion
Comparison[0.1350]  EntRel[0.2823]  Expansion[0.4066]  NoRel[0.0152]  Temporal[0.0057]  Contingency[0.1551]  Expansion
Comparison[0.0544]  EntRel[0.3646]  Expansion[0.4169]  NoRel[0.0053]  Temporal[0.0381]  Contingency[0.1207]  Expansion
Comparison[0.0856]  EntRel[0.4112]  Expansion[0.2895]  NoRel[0.0040]  Temporal[0.1217]  Contingency[0.0880]  EntRel
Comparison[0.0595]  EntRel[0.4917]  Expansion[0.2935]  NoRel[0.0092]  Temporal[0.0416]  Contingency[0.1045]  EntRel
Comparison[0.0797]  EntRel[0.3696]  Expansion[0.4150]  NoRel[0.0078]  Temporal[0.0168]  Contingency[0.1111]  Expansion
Comparison[0.0599]  EntRel[0.3802]  Expansion[0.3341]  NoRel[0.0058]  Temporal[0.0137]  Contingency[0.2063]  EntRel
Comparison[0.0983]  EntRel[0.2147]  Expansion[0.4335]  NoRel[0.0084]  Temporal[0.0237]  Contingency[0.2214]  Expansion
Comparison[0.0889]  EntRel[0.1839]  Expansion[0.5654]  NoRel[0.0093]  Temporal[0.0339]  Contingency[0.1186]  Expansion
Comparison[0.1155]  EntRel[0.3334]  Expansion[0.4154]  NoRel[0.0126]  Temporal[0.0217]  Contingency[0.1013]  Expansion
Comparison[0.1284]  EntRel[0.3022]  Expansion[0.3972]  NoRel[0.0211]  Temporal[0.0059]  Contingency[0.1452]  Expansion
Comparison[0.0447]  EntRel[0.2643]  Expansion[0.5185]  NoRel[0.0170]  Temporal[0.0179]  Contingency[0.1375]  Expansion
Comparison[0.0699]  EntRel[0.4300]  Expansion[0.3534]  NoRel[0.0036]  Temporal[0.0258]  Contingency[0.1173]  EntRel
Comparison[0.1853]  EntRel[0.2532]  Expansion[0.2807]  NoRel[0.0187]  Temporal[0.0849]  Contingency[0.1773]  Expansion
Comparison[0.0380]  EntRel[0.1479]  Expansion[0.2058]  NoRel[0.0180]  Temporal[0.5121]  Contingency[0.0781]  Temporal
Comparison[0.0628]  EntRel[0.3761]  Expansion[0.3105]  NoRel[0.0059]  Temporal[0.1309]  Contingency[0.1138]  EntRel
Comparison[0.0892]  EntRel[0.2674]  Expansion[0.3090]  NoRel[0.0288]  Temporal[0.2045]  Contingency[0.1011]  Expansion
Comparison[0.0964]  EntRel[0.1795]  Expansion[0.3806]  NoRel[0.0273]  Temporal[0.1216]  Contingency[0.1945]  Expansion
Comparison[0.0677]  EntRel[0.2178]  Expansion[0.5114]  NoRel[0.0125]  Temporal[0.0643]  Contingency[0.1264]  Expansion
Comparison[0.0993]  EntRel[0.2933]  Expansion[0.3707]  NoRel[0.0150]  Temporal[0.0667]  Contingency[0.1551]  Expansion
Comparison[0.0782]  EntRel[0.3130]  Expansion[0.3569]  NoRel[0.0316]  Temporal[0.0408]  Contingency[0.1794]  Expansion
Comparison[0.1434]  EntRel[0.2100]  Expansion[0.4122]  NoRel[0.0089]  Temporal[0.0372]  Contingency[0.1882]  Expansion
Comparison[0.1601]  EntRel[0.1761]  Expansion[0.5131]  NoRel[0.0013]  Temporal[0.0764]  Contingency[0.0730]  Expansion
Comparison[0.1234]  EntRel[0.2192]  Expansion[0.3891]  NoRel[0.0245]  Temporal[0.1025]  Contingency[0.1413]  Expansion
Comparison[0.0978]  EntRel[0.3252]  Expansion[0.3440]  NoRel[0.0120]  Temporal[0.0684]  Contingency[0.1526]  Expansion
Comparison[0.0994]  EntRel[0.2210]  Expansion[0.3883]  NoRel[0.0110]  Temporal[0.0231]  Contingency[0.2572]  Expansion
Comparison[0.1200]  EntRel[0.2745]  Expansion[0.3539]  NoRel[0.0332]  Temporal[0.1056]  Contingency[0.1127]  Expansion
Comparison[0.0935]  EntRel[0.3191]  Expansion[0.3122]  NoRel[0.0179]  Temporal[0.0638]  Contingency[0.1936]  EntRel
Comparison[0.1204]  EntRel[0.3056]  Expansion[0.2873]  NoRel[0.0121]  Temporal[0.0191]  Contingency[0.2555]  EntRel
Comparison[0.0640]  EntRel[0.2839]  Expansion[0.3542]  NoRel[0.0156]  Temporal[0.0268]  Contingency[0.2555]  Expansion
Comparison[0.1144]  EntRel[0.2268]  Expansion[0.4617]  NoRel[0.0058]  Temporal[0.0117]  Contingency[0.1796]  Expansion
Comparison[0.0822]  EntRel[0.3424]  Expansion[0.3662]  NoRel[0.0122]  Temporal[0.0189]  Contingency[0.1781]  Expansion
Comparison[0.1081]  EntRel[0.2287]  Expansion[0.4613]  NoRel[0.0086]  Temporal[0.0326]  Contingency[0.1608]  Expansion
Comparison[0.1375]  EntRel[0.2396]  Expansion[0.4364]  NoRel[0.0140]  Temporal[0.0682]  Contingency[0.1043]  Expansion
Comparison[0.1075]  EntRel[0.2301]  Expansion[0.3774]  NoRel[0.0115]  Temporal[0.1247]  Contingency[0.1487]  Expansion
Comparison[0.0745]  EntRel[0.1829]  Expansion[0.5104]  NoRel[0.0076]  Temporal[0.0556]  Contingency[0.1690]  Expansion
Comparison[0.0945]  EntRel[0.4127]  Expansion[0.2878]  NoRel[0.0087]  Temporal[0.0824]  Contingency[0.1139]  EntRel
Comparison[0.1086]  EntRel[0.2908]  Expansion[0.3107]  NoRel[0.0161]  Temporal[0.1538]  Contingency[0.1200]  Expansion
Comparison[0.1625]  EntRel[0.2106]  Expansion[0.3022]  NoRel[0.0303]  Temporal[0.1095]  Contingency[0.1849]  Expansion
Comparison[0.0712]  EntRel[0.2921]  Expansion[0.3502]  NoRel[0.0114]  Temporal[0.0245]  Contingency[0.2506]  Expansion
Comparison[0.1226]  EntRel[0.2089]  Expansion[0.3621]  NoRel[0.0112]  Temporal[0.0486]  Contingency[0.2467]  Expansion
Comparison[0.1308]  EntRel[0.1827]  Expansion[0.4193]  NoRel[0.0026]  Temporal[0.0463]  Contingency[0.2183]  Expansion
Comparison[0.0769]  EntRel[0.1403]  Expansion[0.4360]  NoRel[0.0012]  Temporal[0.0122]  Contingency[0.3334]  Expansion
Comparison[0.0950]  EntRel[0.1799]  Expansion[0.4731]  NoRel[0.0065]  Temporal[0.1163]  Contingency[0.1292]  Expansion
Comparison[0.1172]  EntRel[0.2793]  Expansion[0.3598]  NoRel[0.0155]  Temporal[0.0585]  Contingency[0.1698]  Expansion
Comparison[0.1086]  EntRel[0.3024]  Expansion[0.3132]  NoRel[0.0298]  Temporal[0.0519]  Contingency[0.1941]  Expansion
Comparison[0.1962]  EntRel[0.1830]  Expansion[0.1541]  NoRel[0.1335]  Temporal[0.0265]  Contingency[0.3067]  Contingency
Comparison[0.1090]  EntRel[0.2118]  Expansion[0.4233]  NoRel[0.0098]  Temporal[0.0337]  Contingency[0.2125]  Expansion
Comparison[0.1088]  EntRel[0.2477]  Expansion[0.3775]  NoRel[0.0602]  Temporal[0.1042]  Contingency[0.1016]  Expansion
Comparison[0.1322]  EntRel[0.2374]  Expansion[0.3047]  NoRel[0.0464]  Temporal[0.1042]  Contingency[0.1751]  Expansion
Comparison[0.1067]  EntRel[0.1286]  Expansion[0.2613]  NoRel[0.0046]  Temporal[0.0107]  Contingency[0.4881]  Contingency
Comparison[0.1082]  EntRel[0.0582]  Expansion[0.2728]  NoRel[0.0014]  Temporal[0.0110]  Contingency[0.5485]  Contingency
Comparison[0.1163]  EntRel[0.0999]  Expansion[0.4383]  NoRel[0.0024]  Temporal[0.0323]  Contingency[0.3108]  Expansion
Comparison[0.1104]  EntRel[0.3389]  Expansion[0.2981]  NoRel[0.0111]  Temporal[0.0666]  Contingency[0.1749]  EntRel
Comparison[0.1186]  EntRel[0.2867]  Expansion[0.2681]  NoRel[0.0490]  Temporal[0.1320]  Contingency[0.1456]  EntRel
Comparison[0.0824]  EntRel[0.3286]  Expansion[0.3044]  NoRel[0.0073]  Temporal[0.0606]  Contingency[0.2168]  EntRel
Comparison[0.1191]  EntRel[0.4229]  Expansion[0.1904]  NoRel[0.0752]  Temporal[0.0807]  Contingency[0.1116]  EntRel
Comparison[0.1434]  EntRel[0.2770]  Expansion[0.1999]  NoRel[0.0461]  Temporal[0.2544]  Contingency[0.0793]  EntRel
Comparison[0.0779]  EntRel[0.2448]  Expansion[0.3984]  NoRel[0.0328]  Temporal[0.0592]  Contingency[0.1869]  Expansion
Comparison[0.1002]  EntRel[0.2241]  Expansion[0.4383]  NoRel[0.0067]  Temporal[0.0351]  Contingency[0.1956]  Expansion
Comparison[0.1648]  EntRel[0.2448]  Expansion[0.3647]  NoRel[0.0052]  Temporal[0.0630]  Contingency[0.1574]  Expansion
Comparison[0.1146]  EntRel[0.2790]  Expansion[0.2308]  NoRel[0.0323]  Temporal[0.0767]  Contingency[0.2667]  EntRel
Comparison[0.0856]  EntRel[0.2039]  Expansion[0.5288]  NoRel[0.0041]  Temporal[0.0672]  Contingency[0.1104]  Expansion
Comparison[0.0804]  EntRel[0.3429]  Expansion[0.2760]  NoRel[0.0351]  Temporal[0.0965]  Contingency[0.1691]  EntRel
Comparison[0.1015]  EntRel[0.5116]  Expansion[0.2313]  NoRel[0.0132]  Temporal[0.0804]  Contingency[0.0620]  EntRel
