Comparison[0.0754]  EntRel[0.3288]  Expansion[0.3617]  NoRel[0.0076]  Temporal[0.0568]  Contingency[0.1697]  Expansion
Comparison[0.0775]  EntRel[0.1901]  Expansion[0.4170]  NoRel[0.0085]  Temporal[0.0581]  Contingency[0.2488]  Expansion
Comparison[0.1035]  EntRel[0.1495]  Expansion[0.4692]  NoRel[0.0050]  Temporal[0.0275]  Contingency[0.2452]  Expansion
Comparison[0.0778]  EntRel[0.4534]  Expansion[0.2501]  NoRel[0.0282]  Temporal[0.1231]  Contingency[0.0675]  EntRel
Comparison[0.0701]  EntRel[0.1467]  Expansion[0.5705]  NoRel[0.0032]  Temporal[0.0196]  Contingency[0.1899]  Expansion
Comparison[0.1044]  EntRel[0.2520]  Expansion[0.5450]  NoRel[0.0086]  Temporal[0.0590]  Contingency[0.0310]  Expansion
Comparison[0.1751]  EntRel[0.1621]  Expansion[0.4015]  NoRel[0.0108]  Temporal[0.0444]  Contingency[0.2061]  Expansion
Comparison[0.1258]  EntRel[0.2545]  Expansion[0.3139]  NoRel[0.0200]  Temporal[0.0625]  Contingency[0.2233]  Expansion
Comparison[0.0913]  EntRel[0.1965]  Expansion[0.4817]  NoRel[0.0125]  Temporal[0.0269]  Contingency[0.1911]  Expansion
Comparison[0.1483]  EntRel[0.2607]  Expansion[0.2476]  NoRel[0.0774]  Temporal[0.0914]  Contingency[0.1745]  EntRel
Comparison[0.0512]  EntRel[0.3936]  Expansion[0.3156]  NoRel[0.0377]  Temporal[0.0335]  Contingency[0.1685]  EntRel
Comparison[0.0812]  EntRel[0.2835]  Expansion[0.3320]  NoRel[0.0211]  Temporal[0.0439]  Contingency[0.2383]  Expansion
Comparison[0.0995]  EntRel[0.2425]  Expansion[0.4365]  NoRel[0.0073]  Temporal[0.0391]  Contingency[0.1751]  Expansion
Comparison[0.1374]  EntRel[0.2893]  Expansion[0.4157]  NoRel[0.0089]  Temporal[0.0152]  Contingency[0.1334]  Expansion
Comparison[0.0840]  EntRel[0.1199]  Expansion[0.4260]  NoRel[0.0040]  Temporal[0.0227]  Contingency[0.3434]  Expansion
Comparison[0.1102]  EntRel[0.1995]  Expansion[0.3566]  NoRel[0.0228]  Temporal[0.0831]  Contingency[0.2279]  Expansion
Comparison[0.0919]  EntRel[0.1525]  Expansion[0.3915]  NoRel[0.0072]  Temporal[0.0501]  Contingency[0.3068]  Expansion
Comparison[0.1197]  EntRel[0.1634]  Expansion[0.3813]  NoRel[0.0031]  Temporal[0.0249]  Contingency[0.3077]  Expansion
Comparison[0.1139]  EntRel[0.2683]  Expansion[0.4047]  NoRel[0.0186]  Temporal[0.0136]  Contingency[0.1809]  Expansion
Comparison[0.0901]  EntRel[0.2340]  Expansion[0.3717]  NoRel[0.0462]  Temporal[0.0526]  Contingency[0.2054]  Expansion
Comparison[0.0957]  EntRel[0.3090]  Expansion[0.3550]  NoRel[0.0192]  Temporal[0.0622]  Contingency[0.1589]  Expansion
Comparison[0.0712]  EntRel[0.2253]  Expansion[0.2645]  NoRel[0.0052]  Temporal[0.0272]  Contingency[0.4066]  Contingency
Comparison[0.0520]  EntRel[0.2509]  Expansion[0.4615]  NoRel[0.0035]  Temporal[0.0255]  Contingency[0.2066]  Expansion
Comparison[0.0932]  EntRel[0.3010]  Expansion[0.2360]  NoRel[0.0046]  Temporal[0.0330]  Contingency[0.3322]  Contingency
Comparison[0.1360]  EntRel[0.1684]  Expansion[0.4708]  NoRel[0.0055]  Temporal[0.0464]  Contingency[0.1728]  Expansion
Comparison[0.0484]  EntRel[0.2519]  Expansion[0.3699]  NoRel[0.0097]  Temporal[0.1699]  Contingency[0.1501]  Expansion
Comparison[0.0771]  EntRel[0.2353]  Expansion[0.3849]  NoRel[0.0032]  Temporal[0.0554]  Contingency[0.2442]  Expansion
Comparison[0.0787]  EntRel[0.2532]  Expansion[0.3887]  NoRel[0.0067]  Temporal[0.0952]  Contingency[0.1776]  Expansion
Comparison[0.1042]  EntRel[0.3556]  Expansion[0.3443]  NoRel[0.0052]  Temporal[0.1009]  Contingency[0.0899]  EntRel
Comparison[0.1053]  EntRel[0.4241]  Expansion[0.2786]  NoRel[0.0154]  Temporal[0.0793]  Contingency[0.0974]  EntRel
Comparison[0.0608]  EntRel[0.4558]  Expansion[0.3654]  NoRel[0.0074]  Temporal[0.0445]  Contingency[0.0661]  EntRel
Comparison[0.0540]  EntRel[0.3683]  Expansion[0.3820]  NoRel[0.0105]  Temporal[0.0695]  Contingency[0.1155]  Expansion
Comparison[0.1087]  EntRel[0.3150]  Expansion[0.4685]  NoRel[0.0062]  Temporal[0.0290]  Contingency[0.0727]  Expansion
Comparison[0.1137]  EntRel[0.2237]  Expansion[0.4255]  NoRel[0.0215]  Temporal[0.0976]  Contingency[0.1179]  Expansion
Comparison[0.1575]  EntRel[0.3412]  Expansion[0.3312]  NoRel[0.0075]  Temporal[0.1062]  Contingency[0.0563]  EntRel
Comparison[0.0915]  EntRel[0.2200]  Expansion[0.4867]  NoRel[0.0054]  Temporal[0.0297]  Contingency[0.1667]  Expansion
Comparison[0.0824]  EntRel[0.1312]  Expansion[0.5582]  NoRel[0.0002]  Temporal[0.0174]  Contingency[0.2106]  Expansion
Comparison[0.1119]  EntRel[0.1782]  Expansion[0.5399]  NoRel[0.0048]  Temporal[0.0194]  Contingency[0.1457]  Expansion
Comparison[0.1093]  EntRel[0.1899]  Expansion[0.4438]  NoRel[0.0044]  Temporal[0.0657]  Contingency[0.1868]  Expansion
Comparison[0.1183]  EntRel[0.3007]  Expansion[0.3491]  NoRel[0.0069]  Temporal[0.1702]  Contingency[0.0548]  Expansion
Comparison[0.1059]  EntRel[0.2555]  Expansion[0.3628]  NoRel[0.0055]  Temporal[0.1250]  Contingency[0.1453]  Expansion
Comparison[0.0502]  EntRel[0.3192]  Expansion[0.3597]  NoRel[0.0064]  Temporal[0.0661]  Contingency[0.1985]  Expansion
Comparison[0.1879]  EntRel[0.3180]  Expansion[0.4075]  NoRel[0.0087]  Temporal[0.0349]  Contingency[0.0429]  Expansion
Comparison[0.0754]  EntRel[0.2308]  Expansion[0.4946]  NoRel[0.0048]  Temporal[0.0595]  Contingency[0.1348]  Expansion
Comparison[0.0309]  EntRel[0.3772]  Expansion[0.4529]  NoRel[0.0322]  Temporal[0.0605]  Contingency[0.0463]  Expansion
Comparison[0.0502]  EntRel[0.1538]  Expansion[0.5023]  NoRel[0.0024]  Temporal[0.0238]  Contingency[0.2675]  Expansion
Comparison[0.0748]  EntRel[0.2717]  Expansion[0.3847]  NoRel[0.0097]  Temporal[0.0785]  Contingency[0.1806]  Expansion
Comparison[0.0524]  EntRel[0.3363]  Expansion[0.3349]  NoRel[0.0117]  Temporal[0.0804]  Contingency[0.1844]  EntRel
Comparison[0.2274]  EntRel[0.2399]  Expansion[0.3079]  NoRel[0.0134]  Temporal[0.0283]  Contingency[0.1832]  Expansion
Comparison[0.0848]  EntRel[0.1448]  Expansion[0.3505]  NoRel[0.0142]  Temporal[0.0480]  Contingency[0.3576]  Contingency
Comparison[0.0849]  EntRel[0.2980]  Expansion[0.4153]  NoRel[0.0116]  Temporal[0.0559]  Contingency[0.1344]  Expansion
Comparison[0.0741]  EntRel[0.2394]  Expansion[0.5627]  NoRel[0.0019]  Temporal[0.0133]  Contingency[0.1086]  Expansion
Comparison[0.1020]  EntRel[0.2797]  Expansion[0.3692]  NoRel[0.0410]  Temporal[0.0672]  Contingency[0.1409]  Expansion
Comparison[0.0965]  EntRel[0.1390]  Expansion[0.4437]  NoRel[0.0022]  Temporal[0.0400]  Contingency[0.2786]  Expansion
Comparison[0.0942]  EntRel[0.2475]  Expansion[0.3253]  NoRel[0.0265]  Temporal[0.1556]  Contingency[0.1509]  Expansion
Comparison[0.1065]  EntRel[0.2625]  Expansion[0.4597]  NoRel[0.0231]  Temporal[0.0397]  Contingency[0.1084]  Expansion
Comparison[0.0885]  EntRel[0.1899]  Expansion[0.3756]  NoRel[0.0088]  Temporal[0.0859]  Contingency[0.2513]  Expansion
Comparison[0.1693]  EntRel[0.1889]  Expansion[0.3198]  NoRel[0.0089]  Temporal[0.0631]  Contingency[0.2501]  Expansion
Comparison[0.0621]  EntRel[0.2248]  Expansion[0.4143]  NoRel[0.0338]  Temporal[0.1082]  Contingency[0.1568]  Expansion
Comparison[0.0912]  EntRel[0.2368]  Expansion[0.3881]  NoRel[0.0214]  Temporal[0.0174]  Contingency[0.2453]  Expansion
Comparison[0.0545]  EntRel[0.2219]  Expansion[0.5183]  NoRel[0.0054]  Temporal[0.0307]  Contingency[0.1692]  Expansion
Comparison[0.0583]  EntRel[0.1874]  Expansion[0.5011]  NoRel[0.0073]  Temporal[0.0219]  Contingency[0.2240]  Expansion
Comparison[0.1114]  EntRel[0.2780]  Expansion[0.3665]  NoRel[0.0072]  Temporal[0.0342]  Contingency[0.2028]  Expansion
Comparison[0.2448]  EntRel[0.1544]  Expansion[0.2901]  NoRel[0.0250]  Temporal[0.0329]  Contingency[0.2529]  Expansion
Comparison[0.0367]  EntRel[0.0416]  Expansion[0.6898]  NoRel[0.0002]  Temporal[0.0157]  Contingency[0.2160]  Expansion
Comparison[0.2043]  EntRel[0.0520]  Expansion[0.6215]  NoRel[0.0014]  Temporal[0.0060]  Contingency[0.1148]  Expansion
Comparison[0.1047]  EntRel[0.1362]  Expansion[0.5808]  NoRel[0.0036]  Temporal[0.0103]  Contingency[0.1643]  Expansion
Comparison[0.1332]  EntRel[0.1832]  Expansion[0.4804]  NoRel[0.0137]  Temporal[0.0047]  Contingency[0.1849]  Expansion
Comparison[0.1156]  EntRel[0.1556]  Expansion[0.5338]  NoRel[0.0043]  Temporal[0.0084]  Contingency[0.1823]  Expansion
Comparison[0.1250]  EntRel[0.2779]  Expansion[0.4062]  NoRel[0.0146]  Temporal[0.0426]  Contingency[0.1337]  Expansion
Comparison[0.1562]  EntRel[0.2652]  Expansion[0.4143]  NoRel[0.0064]  Temporal[0.0607]  Contingency[0.0972]  Expansion
Comparison[0.1006]  EntRel[0.2574]  Expansion[0.4701]  NoRel[0.0148]  Temporal[0.0404]  Contingency[0.1167]  Expansion
Comparison[0.1326]  EntRel[0.1331]  Expansion[0.3467]  NoRel[0.0060]  Temporal[0.0400]  Contingency[0.3415]  Expansion
Comparison[0.1985]  EntRel[0.1887]  Expansion[0.2710]  NoRel[0.0259]  Temporal[0.0984]  Contingency[0.2174]  Expansion
Comparison[0.2066]  EntRel[0.1586]  Expansion[0.2779]  NoRel[0.0209]  Temporal[0.1920]  Contingency[0.1439]  Expansion
Comparison[0.0980]  EntRel[0.1951]  Expansion[0.3681]  NoRel[0.0114]  Temporal[0.1074]  Contingency[0.2201]  Expansion
Comparison[0.0687]  EntRel[0.0826]  Expansion[0.5132]  NoRel[0.0038]  Temporal[0.0195]  Contingency[0.3122]  Expansion
Comparison[0.1064]  EntRel[0.1924]  Expansion[0.3907]  NoRel[0.0084]  Temporal[0.0491]  Contingency[0.2530]  Expansion
Comparison[0.1063]  EntRel[0.2879]  Expansion[0.3981]  NoRel[0.0131]  Temporal[0.0386]  Contingency[0.1561]  Expansion
Comparison[0.0382]  EntRel[0.2094]  Expansion[0.4758]  NoRel[0.0055]  Temporal[0.0182]  Contingency[0.2528]  Expansion
Comparison[0.0462]  EntRel[0.1861]  Expansion[0.5814]  NoRel[0.0032]  Temporal[0.0281]  Contingency[0.1550]  Expansion
Comparison[0.0584]  EntRel[0.2552]  Expansion[0.6292]  NoRel[0.0041]  Temporal[0.0105]  Contingency[0.0426]  Expansion
Comparison[0.0835]  EntRel[0.1921]  Expansion[0.3931]  NoRel[0.0108]  Temporal[0.0140]  Contingency[0.3065]  Expansion
Comparison[0.0598]  EntRel[0.1330]  Expansion[0.7089]  NoRel[0.0014]  Temporal[0.0034]  Contingency[0.0934]  Expansion
Comparison[0.1079]  EntRel[0.1385]  Expansion[0.3240]  NoRel[0.0044]  Temporal[0.0155]  Contingency[0.4097]  Contingency
Comparison[0.1424]  EntRel[0.2231]  Expansion[0.4943]  NoRel[0.0082]  Temporal[0.0242]  Contingency[0.1079]  Expansion
Comparison[0.1819]  EntRel[0.2086]  Expansion[0.3227]  NoRel[0.0171]  Temporal[0.0754]  Contingency[0.1943]  Expansion
Comparison[0.0740]  EntRel[0.1933]  Expansion[0.4419]  NoRel[0.0065]  Temporal[0.0423]  Contingency[0.2420]  Expansion
Comparison[0.0688]  EntRel[0.1674]  Expansion[0.5716]  NoRel[0.0021]  Temporal[0.0071]  Contingency[0.1831]  Expansion
Comparison[0.0830]  EntRel[0.2016]  Expansion[0.4832]  NoRel[0.0098]  Temporal[0.0691]  Contingency[0.1533]  Expansion
Comparison[0.1213]  EntRel[0.2803]  Expansion[0.2744]  NoRel[0.0386]  Temporal[0.1621]  Contingency[0.1232]  EntRel
Comparison[0.1193]  EntRel[0.2789]  Expansion[0.2923]  NoRel[0.0555]  Temporal[0.1071]  Contingency[0.1470]  Expansion
Comparison[0.0716]  EntRel[0.4554]  Expansion[0.2765]  NoRel[0.0140]  Temporal[0.0822]  Contingency[0.1003]  EntRel
Comparison[0.0690]  EntRel[0.3111]  Expansion[0.4376]  NoRel[0.0027]  Temporal[0.1100]  Contingency[0.0697]  Expansion
Comparison[0.0902]  EntRel[0.2638]  Expansion[0.2773]  NoRel[0.0019]  Temporal[0.2801]  Contingency[0.0867]  Temporal
Comparison[0.1493]  EntRel[0.2407]  Expansion[0.3250]  NoRel[0.0090]  Temporal[0.2231]  Contingency[0.0529]  Expansion
Comparison[0.0570]  EntRel[0.1652]  Expansion[0.3423]  NoRel[0.0101]  Temporal[0.3635]  Contingency[0.0621]  Temporal
Comparison[0.1461]  EntRel[0.1985]  Expansion[0.3708]  NoRel[0.0252]  Temporal[0.0853]  Contingency[0.1740]  Expansion
Comparison[0.0869]  EntRel[0.2957]  Expansion[0.3365]  NoRel[0.0406]  Temporal[0.1467]  Contingency[0.0938]  Expansion
Comparison[0.0734]  EntRel[0.3328]  Expansion[0.4182]  NoRel[0.0289]  Temporal[0.0995]  Contingency[0.0473]  Expansion
Comparison[0.1012]  EntRel[0.2819]  Expansion[0.3386]  NoRel[0.0077]  Temporal[0.1546]  Contingency[0.1161]  Expansion
Comparison[0.1011]  EntRel[0.2507]  Expansion[0.3635]  NoRel[0.0160]  Temporal[0.1714]  Contingency[0.0973]  Expansion
Comparison[0.0618]  EntRel[0.2112]  Expansion[0.4779]  NoRel[0.0130]  Temporal[0.0858]  Contingency[0.1503]  Expansion
Comparison[0.0550]  EntRel[0.3420]  Expansion[0.4176]  NoRel[0.0192]  Temporal[0.0431]  Contingency[0.1230]  Expansion
Comparison[0.1256]  EntRel[0.3987]  Expansion[0.3152]  NoRel[0.0378]  Temporal[0.0503]  Contingency[0.0724]  EntRel
Comparison[0.1082]  EntRel[0.3183]  Expansion[0.2655]  NoRel[0.0556]  Temporal[0.1608]  Contingency[0.0916]  EntRel
Comparison[0.1665]  EntRel[0.3858]  Expansion[0.1728]  NoRel[0.0624]  Temporal[0.1482]  Contingency[0.0644]  EntRel
Comparison[0.1184]  EntRel[0.2686]  Expansion[0.3388]  NoRel[0.0158]  Temporal[0.0989]  Contingency[0.1595]  Expansion
Comparison[0.0963]  EntRel[0.2378]  Expansion[0.4242]  NoRel[0.0253]  Temporal[0.0767]  Contingency[0.1398]  Expansion
Comparison[0.1200]  EntRel[0.1379]  Expansion[0.3123]  NoRel[0.0027]  Temporal[0.2361]  Contingency[0.1911]  Expansion
Comparison[0.1330]  EntRel[0.1874]  Expansion[0.2101]  NoRel[0.0092]  Temporal[0.3615]  Contingency[0.0989]  Temporal
Comparison[0.0616]  EntRel[0.2627]  Expansion[0.4248]  NoRel[0.0118]  Temporal[0.0913]  Contingency[0.1478]  Expansion
Comparison[0.0650]  EntRel[0.2579]  Expansion[0.4406]  NoRel[0.0284]  Temporal[0.0875]  Contingency[0.1206]  Expansion
Comparison[0.1474]  EntRel[0.3933]  Expansion[0.2667]  NoRel[0.0097]  Temporal[0.0267]  Contingency[0.1562]  EntRel
Comparison[0.0983]  EntRel[0.3034]  Expansion[0.3879]  NoRel[0.0349]  Temporal[0.0352]  Contingency[0.1403]  Expansion
Comparison[0.1277]  EntRel[0.2397]  Expansion[0.3238]  NoRel[0.0620]  Temporal[0.1295]  Contingency[0.1174]  Expansion
Comparison[0.0785]  EntRel[0.3622]  Expansion[0.2387]  NoRel[0.0876]  Temporal[0.1160]  Contingency[0.1170]  EntRel
Comparison[0.1141]  EntRel[0.4145]  Expansion[0.1825]  NoRel[0.0787]  Temporal[0.1038]  Contingency[0.1064]  EntRel
Comparison[0.1164]  EntRel[0.3163]  Expansion[0.3053]  NoRel[0.0384]  Temporal[0.1167]  Contingency[0.1069]  EntRel
Comparison[0.1482]  EntRel[0.3740]  Expansion[0.2719]  NoRel[0.0117]  Temporal[0.0246]  Contingency[0.1698]  EntRel
Comparison[0.0917]  EntRel[0.2112]  Expansion[0.5230]  NoRel[0.0265]  Temporal[0.0305]  Contingency[0.1171]  Expansion
Comparison[0.1129]  EntRel[0.4138]  Expansion[0.3165]  NoRel[0.0151]  Temporal[0.0678]  Contingency[0.0740]  EntRel
Comparison[0.0985]  EntRel[0.2804]  Expansion[0.5044]  NoRel[0.0065]  Temporal[0.0293]  Contingency[0.0810]  Expansion
Comparison[0.0929]  EntRel[0.3136]  Expansion[0.3403]  NoRel[0.0126]  Temporal[0.1192]  Contingency[0.1214]  Expansion
