Comparison[0.0869]  EntRel[0.2152]  Expansion[0.4158]  NoRel[0.0076]  Temporal[0.0202]  Contingency[0.2544]  Expansion
Comparison[0.3048]  EntRel[0.1148]  Expansion[0.3302]  NoRel[0.0010]  Temporal[0.0640]  Contingency[0.1853]  Expansion
Comparison[0.0699]  EntRel[0.2855]  Expansion[0.3386]  NoRel[0.0069]  Temporal[0.0906]  Contingency[0.2084]  Expansion
Comparison[0.1113]  EntRel[0.1545]  Expansion[0.5148]  NoRel[0.0148]  Temporal[0.0425]  Contingency[0.1621]  Expansion
Comparison[0.1366]  EntRel[0.0609]  Expansion[0.4521]  NoRel[0.0110]  Temporal[0.0247]  Contingency[0.3148]  Expansion
Comparison[0.0632]  EntRel[0.5855]  Expansion[0.2884]  NoRel[0.0031]  Temporal[0.0290]  Contingency[0.0308]  EntRel
Comparison[0.0531]  EntRel[0.5551]  Expansion[0.3226]  NoRel[0.0227]  Temporal[0.0094]  Contingency[0.0372]  EntRel
Comparison[0.1083]  EntRel[0.2427]  Expansion[0.4655]  NoRel[0.0082]  Temporal[0.0407]  Contingency[0.1345]  Expansion
Comparison[0.0828]  EntRel[0.2783]  Expansion[0.4064]  NoRel[0.0223]  Temporal[0.0503]  Contingency[0.1599]  Expansion
Comparison[0.0431]  EntRel[0.2809]  Expansion[0.4453]  NoRel[0.0036]  Temporal[0.0431]  Contingency[0.1840]  Expansion
Comparison[0.0888]  EntRel[0.3107]  Expansion[0.4749]  NoRel[0.0160]  Temporal[0.0234]  Contingency[0.0862]  Expansion
Comparison[0.0767]  EntRel[0.2564]  Expansion[0.5312]  NoRel[0.0081]  Temporal[0.0200]  Contingency[0.1077]  Expansion
Comparison[0.2766]  EntRel[0.2414]  Expansion[0.3231]  NoRel[0.0079]  Temporal[0.0760]  Contingency[0.0750]  Expansion
Comparison[0.0762]  EntRel[0.3155]  Expansion[0.3839]  NoRel[0.0237]  Temporal[0.0365]  Contingency[0.1644]  Expansion
Comparison[0.1080]  EntRel[0.2492]  Expansion[0.4306]  NoRel[0.0187]  Temporal[0.0077]  Contingency[0.1857]  Expansion
Comparison[0.1198]  EntRel[0.4059]  Expansion[0.3276]  NoRel[0.0140]  Temporal[0.0419]  Contingency[0.0907]  EntRel
Comparison[0.1057]  EntRel[0.2226]  Expansion[0.4946]  NoRel[0.0111]  Temporal[0.0389]  Contingency[0.1270]  Expansion
Comparison[0.1288]  EntRel[0.2116]  Expansion[0.3657]  NoRel[0.0405]  Temporal[0.0477]  Contingency[0.2057]  Expansion
Comparison[0.0820]  EntRel[0.3043]  Expansion[0.3347]  NoRel[0.0289]  Temporal[0.0621]  Contingency[0.1879]  Expansion
Comparison[0.1705]  EntRel[0.1290]  Expansion[0.4477]  NoRel[0.0058]  Temporal[0.0245]  Contingency[0.2226]  Expansion
Comparison[0.0845]  EntRel[0.1339]  Expansion[0.3953]  NoRel[0.0225]  Temporal[0.1670]  Contingency[0.1969]  Expansion
Comparison[0.1953]  EntRel[0.1825]  Expansion[0.2533]  NoRel[0.0104]  Temporal[0.2231]  Contingency[0.1354]  Expansion
Comparison[0.1318]  EntRel[0.3599]  Expansion[0.3494]  NoRel[0.0062]  Temporal[0.1145]  Contingency[0.0382]  EntRel
Comparison[0.0593]  EntRel[0.4781]  Expansion[0.2792]  NoRel[0.0252]  Temporal[0.0765]  Contingency[0.0818]  EntRel
Comparison[0.0845]  EntRel[0.2151]  Expansion[0.4684]  NoRel[0.0007]  Temporal[0.1357]  Contingency[0.0957]  Expansion
Comparison[0.0839]  EntRel[0.2054]  Expansion[0.4675]  NoRel[0.0100]  Temporal[0.1209]  Contingency[0.1122]  Expansion
Comparison[0.1016]  EntRel[0.2355]  Expansion[0.4302]  NoRel[0.0045]  Temporal[0.1577]  Contingency[0.0704]  Expansion
Comparison[0.1238]  EntRel[0.3273]  Expansion[0.3090]  NoRel[0.0272]  Temporal[0.1279]  Contingency[0.0848]  EntRel
Comparison[0.1119]  EntRel[0.2104]  Expansion[0.4504]  NoRel[0.0094]  Temporal[0.1438]  Contingency[0.0740]  Expansion
Comparison[0.1447]  EntRel[0.2319]  Expansion[0.3401]  NoRel[0.0136]  Temporal[0.1702]  Contingency[0.0995]  Expansion
Comparison[0.1049]  EntRel[0.2554]  Expansion[0.2963]  NoRel[0.0130]  Temporal[0.1583]  Contingency[0.1722]  Expansion
Comparison[0.1312]  EntRel[0.2414]  Expansion[0.3241]  NoRel[0.0086]  Temporal[0.1667]  Contingency[0.1280]  Expansion
Comparison[0.0866]  EntRel[0.2546]  Expansion[0.3841]  NoRel[0.0255]  Temporal[0.1357]  Contingency[0.1135]  Expansion
Comparison[0.1002]  EntRel[0.3571]  Expansion[0.2789]  NoRel[0.0184]  Temporal[0.1573]  Contingency[0.0881]  EntRel
Comparison[0.0716]  EntRel[0.2334]  Expansion[0.4052]  NoRel[0.0050]  Temporal[0.0801]  Contingency[0.2048]  Expansion
Comparison[0.1026]  EntRel[0.3053]  Expansion[0.3846]  NoRel[0.0037]  Temporal[0.0969]  Contingency[0.1068]  Expansion
Comparison[0.0798]  EntRel[0.3564]  Expansion[0.4355]  NoRel[0.0026]  Temporal[0.0864]  Contingency[0.0392]  Expansion
Comparison[0.0780]  EntRel[0.5019]  Expansion[0.2333]  NoRel[0.0153]  Temporal[0.0852]  Contingency[0.0862]  EntRel
Comparison[0.0940]  EntRel[0.2953]  Expansion[0.2940]  NoRel[0.0242]  Temporal[0.1336]  Contingency[0.1590]  EntRel
Comparison[0.1029]  EntRel[0.1543]  Expansion[0.4231]  NoRel[0.0045]  Temporal[0.1641]  Contingency[0.1512]  Expansion
Comparison[0.1250]  EntRel[0.2291]  Expansion[0.4061]  NoRel[0.0059]  Temporal[0.1451]  Contingency[0.0888]  Expansion
Comparison[0.1141]  EntRel[0.2844]  Expansion[0.2889]  NoRel[0.0339]  Temporal[0.1639]  Contingency[0.1148]  Expansion
Comparison[0.1184]  EntRel[0.2579]  Expansion[0.3120]  NoRel[0.0156]  Temporal[0.1519]  Contingency[0.1442]  Expansion
Comparison[0.0765]  EntRel[0.2765]  Expansion[0.3888]  NoRel[0.0183]  Temporal[0.1454]  Contingency[0.0945]  Expansion
Comparison[0.0640]  EntRel[0.2948]  Expansion[0.4243]  NoRel[0.0035]  Temporal[0.1133]  Contingency[0.1001]  Expansion
Comparison[0.2528]  EntRel[0.3163]  Expansion[0.2119]  NoRel[0.0019]  Temporal[0.1674]  Contingency[0.0496]  EntRel
Comparison[0.0671]  EntRel[0.3678]  Expansion[0.3985]  NoRel[0.0127]  Temporal[0.0737]  Contingency[0.0803]  Expansion
Comparison[0.0967]  EntRel[0.2830]  Expansion[0.4519]  NoRel[0.0038]  Temporal[0.1010]  Contingency[0.0636]  Expansion
Comparison[0.1199]  EntRel[0.2618]  Expansion[0.3248]  NoRel[0.0163]  Temporal[0.1951]  Contingency[0.0821]  Expansion
Comparison[0.0261]  EntRel[0.2849]  Expansion[0.5850]  NoRel[0.0032]  Temporal[0.0369]  Contingency[0.0639]  Expansion
Comparison[0.1197]  EntRel[0.3759]  Expansion[0.3352]  NoRel[0.0021]  Temporal[0.0858]  Contingency[0.0813]  EntRel
Comparison[0.1237]  EntRel[0.3240]  Expansion[0.3369]  NoRel[0.0205]  Temporal[0.1004]  Contingency[0.0944]  Expansion
Comparison[0.1100]  EntRel[0.2793]  Expansion[0.2798]  NoRel[0.0181]  Temporal[0.2154]  Contingency[0.0975]  Expansion
Comparison[0.1045]  EntRel[0.1768]  Expansion[0.4086]  NoRel[0.0202]  Temporal[0.1347]  Contingency[0.1553]  Expansion
Comparison[0.1583]  EntRel[0.2561]  Expansion[0.3353]  NoRel[0.0071]  Temporal[0.0860]  Contingency[0.1571]  Expansion
Comparison[0.0628]  EntRel[0.2422]  Expansion[0.3562]  NoRel[0.0280]  Temporal[0.1104]  Contingency[0.2004]  Expansion
Comparison[0.1063]  EntRel[0.2886]  Expansion[0.3004]  NoRel[0.0214]  Temporal[0.1735]  Contingency[0.1097]  Expansion
Comparison[0.0529]  EntRel[0.2781]  Expansion[0.4672]  NoRel[0.0096]  Temporal[0.0584]  Contingency[0.1338]  Expansion
Comparison[0.0759]  EntRel[0.1310]  Expansion[0.4118]  NoRel[0.0018]  Temporal[0.0411]  Contingency[0.3384]  Expansion
Comparison[0.1261]  EntRel[0.1495]  Expansion[0.3571]  NoRel[0.0061]  Temporal[0.1729]  Contingency[0.1883]  Expansion
Comparison[0.1321]  EntRel[0.1603]  Expansion[0.4007]  NoRel[0.0152]  Temporal[0.0537]  Contingency[0.2379]  Expansion
Comparison[0.0634]  EntRel[0.2100]  Expansion[0.4251]  NoRel[0.0375]  Temporal[0.1064]  Contingency[0.1576]  Expansion
Comparison[0.1134]  EntRel[0.2259]  Expansion[0.3395]  NoRel[0.0158]  Temporal[0.1259]  Contingency[0.1794]  Expansion
Comparison[0.1130]  EntRel[0.2479]  Expansion[0.3333]  NoRel[0.0339]  Temporal[0.0868]  Contingency[0.1852]  Expansion
Comparison[0.0877]  EntRel[0.2969]  Expansion[0.3555]  NoRel[0.0290]  Temporal[0.1111]  Contingency[0.1198]  Expansion
Comparison[0.0626]  EntRel[0.2391]  Expansion[0.4657]  NoRel[0.0165]  Temporal[0.0304]  Contingency[0.1857]  Expansion
Comparison[0.1559]  EntRel[0.1345]  Expansion[0.4528]  NoRel[0.0028]  Temporal[0.0146]  Contingency[0.2394]  Expansion
Comparison[0.0741]  EntRel[0.2070]  Expansion[0.4645]  NoRel[0.0107]  Temporal[0.0548]  Contingency[0.1890]  Expansion
Comparison[0.0797]  EntRel[0.3055]  Expansion[0.3899]  NoRel[0.0167]  Temporal[0.1295]  Contingency[0.0787]  Expansion
Comparison[0.0666]  EntRel[0.4040]  Expansion[0.3524]  NoRel[0.0180]  Temporal[0.0447]  Contingency[0.1144]  EntRel
Comparison[0.0882]  EntRel[0.4302]  Expansion[0.3249]  NoRel[0.0230]  Temporal[0.0785]  Contingency[0.0552]  EntRel
Comparison[0.0562]  EntRel[0.2531]  Expansion[0.3821]  NoRel[0.0194]  Temporal[0.2040]  Contingency[0.0852]  Expansion
Comparison[0.1003]  EntRel[0.3386]  Expansion[0.2599]  NoRel[0.0092]  Temporal[0.1752]  Contingency[0.1168]  EntRel
Comparison[0.1207]  EntRel[0.2222]  Expansion[0.4020]  NoRel[0.0136]  Temporal[0.0637]  Contingency[0.1778]  Expansion
Comparison[0.1102]  EntRel[0.1220]  Expansion[0.4597]  NoRel[0.0012]  Temporal[0.0126]  Contingency[0.2942]  Expansion
Comparison[0.1314]  EntRel[0.2553]  Expansion[0.3376]  NoRel[0.0071]  Temporal[0.0140]  Contingency[0.2545]  Expansion
Comparison[0.1052]  EntRel[0.2367]  Expansion[0.3547]  NoRel[0.0364]  Temporal[0.0747]  Contingency[0.1924]  Expansion
Comparison[0.0769]  EntRel[0.2126]  Expansion[0.3882]  NoRel[0.0244]  Temporal[0.1377]  Contingency[0.1601]  Expansion
Comparison[0.0877]  EntRel[0.1765]  Expansion[0.5052]  NoRel[0.0131]  Temporal[0.1020]  Contingency[0.1155]  Expansion
Comparison[0.1625]  EntRel[0.1407]  Expansion[0.4910]  NoRel[0.0032]  Temporal[0.1829]  Contingency[0.0197]  Expansion
Comparison[0.2178]  EntRel[0.1634]  Expansion[0.3000]  NoRel[0.0134]  Temporal[0.0785]  Contingency[0.2269]  Expansion
Comparison[0.1244]  EntRel[0.1799]  Expansion[0.3396]  NoRel[0.0183]  Temporal[0.0950]  Contingency[0.2428]  Expansion
Comparison[0.1069]  EntRel[0.2143]  Expansion[0.3729]  NoRel[0.0215]  Temporal[0.1330]  Contingency[0.1514]  Expansion
Comparison[0.2071]  EntRel[0.1670]  Expansion[0.3960]  NoRel[0.0057]  Temporal[0.0518]  Contingency[0.1724]  Expansion
Comparison[0.0804]  EntRel[0.1494]  Expansion[0.4130]  NoRel[0.0102]  Temporal[0.0713]  Contingency[0.2758]  Expansion
Comparison[0.1217]  EntRel[0.0915]  Expansion[0.4226]  NoRel[0.0029]  Temporal[0.0265]  Contingency[0.3348]  Expansion
Comparison[0.2326]  EntRel[0.1545]  Expansion[0.3788]  NoRel[0.0166]  Temporal[0.0088]  Contingency[0.2087]  Expansion
Comparison[0.0911]  EntRel[0.1313]  Expansion[0.4386]  NoRel[0.0047]  Temporal[0.0320]  Contingency[0.3022]  Expansion
Comparison[0.0717]  EntRel[0.0681]  Expansion[0.6501]  NoRel[0.0003]  Temporal[0.0027]  Contingency[0.2071]  Expansion
Comparison[0.1370]  EntRel[0.2262]  Expansion[0.4957]  NoRel[0.0085]  Temporal[0.0211]  Contingency[0.1115]  Expansion
Comparison[0.0487]  EntRel[0.3745]  Expansion[0.3865]  NoRel[0.0158]  Temporal[0.0284]  Contingency[0.1462]  Expansion
Comparison[0.0692]  EntRel[0.3488]  Expansion[0.3239]  NoRel[0.0046]  Temporal[0.0668]  Contingency[0.1866]  EntRel
Comparison[0.1138]  EntRel[0.1038]  Expansion[0.4291]  NoRel[0.0026]  Temporal[0.0343]  Contingency[0.3164]  Expansion
Comparison[0.1622]  EntRel[0.2355]  Expansion[0.3555]  NoRel[0.0058]  Temporal[0.0460]  Contingency[0.1950]  Expansion
Comparison[0.0423]  EntRel[0.2708]  Expansion[0.5140]  NoRel[0.0026]  Temporal[0.0180]  Contingency[0.1522]  Expansion
Comparison[0.1051]  EntRel[0.2553]  Expansion[0.4236]  NoRel[0.0039]  Temporal[0.1423]  Contingency[0.0698]  Expansion
Comparison[0.0772]  EntRel[0.1816]  Expansion[0.5757]  NoRel[0.0024]  Temporal[0.0397]  Contingency[0.1235]  Expansion
Comparison[0.0778]  EntRel[0.2372]  Expansion[0.4241]  NoRel[0.0115]  Temporal[0.0521]  Contingency[0.1973]  Expansion
Comparison[0.0818]  EntRel[0.5057]  Expansion[0.2913]  NoRel[0.0111]  Temporal[0.0348]  Contingency[0.0752]  EntRel
Comparison[0.0737]  EntRel[0.2303]  Expansion[0.3693]  NoRel[0.0249]  Temporal[0.0524]  Contingency[0.2494]  Expansion
Comparison[0.1198]  EntRel[0.2118]  Expansion[0.4084]  NoRel[0.0107]  Temporal[0.1472]  Contingency[0.1021]  Expansion
Comparison[0.0740]  EntRel[0.1707]  Expansion[0.3390]  NoRel[0.0013]  Temporal[0.0337]  Contingency[0.3813]  Contingency
Comparison[0.0840]  EntRel[0.3351]  Expansion[0.4249]  NoRel[0.0080]  Temporal[0.0558]  Contingency[0.0922]  Expansion
Comparison[0.0839]  EntRel[0.2724]  Expansion[0.3703]  NoRel[0.0521]  Temporal[0.0810]  Contingency[0.1404]  Expansion
Comparison[0.1119]  EntRel[0.2400]  Expansion[0.3571]  NoRel[0.0263]  Temporal[0.1003]  Contingency[0.1642]  Expansion
Comparison[0.1362]  EntRel[0.2085]  Expansion[0.3459]  NoRel[0.0082]  Temporal[0.0468]  Contingency[0.2544]  Expansion
Comparison[0.1283]  EntRel[0.3068]  Expansion[0.2349]  NoRel[0.0424]  Temporal[0.1129]  Contingency[0.1747]  EntRel
Comparison[0.1172]  EntRel[0.3592]  Expansion[0.3349]  NoRel[0.0300]  Temporal[0.1135]  Contingency[0.0452]  EntRel
Comparison[0.1068]  EntRel[0.4655]  Expansion[0.1271]  NoRel[0.1034]  Temporal[0.1299]  Contingency[0.0674]  EntRel
Comparison[0.1448]  EntRel[0.5269]  Expansion[0.1269]  NoRel[0.0372]  Temporal[0.0787]  Contingency[0.0854]  EntRel
Comparison[0.1147]  EntRel[0.3963]  Expansion[0.2114]  NoRel[0.0348]  Temporal[0.1367]  Contingency[0.1061]  EntRel
Comparison[0.1631]  EntRel[0.3525]  Expansion[0.2192]  NoRel[0.0309]  Temporal[0.1405]  Contingency[0.0937]  EntRel
Comparison[0.0606]  EntRel[0.3333]  Expansion[0.3006]  NoRel[0.0404]  Temporal[0.0675]  Contingency[0.1977]  EntRel
Comparison[0.0531]  EntRel[0.4305]  Expansion[0.3321]  NoRel[0.0185]  Temporal[0.0350]  Contingency[0.1306]  EntRel
Comparison[0.1402]  EntRel[0.3368]  Expansion[0.3228]  NoRel[0.0067]  Temporal[0.0531]  Contingency[0.1404]  EntRel
Comparison[0.1217]  EntRel[0.3002]  Expansion[0.3540]  NoRel[0.0596]  Temporal[0.0563]  Contingency[0.1082]  Expansion
Comparison[0.1089]  EntRel[0.3213]  Expansion[0.2483]  NoRel[0.0692]  Temporal[0.0930]  Contingency[0.1593]  EntRel
Comparison[0.1247]  EntRel[0.2341]  Expansion[0.2762]  NoRel[0.0642]  Temporal[0.1499]  Contingency[0.1509]  Expansion
Comparison[0.1229]  EntRel[0.3465]  Expansion[0.2691]  NoRel[0.0470]  Temporal[0.0327]  Contingency[0.1818]  EntRel
Comparison[0.1450]  EntRel[0.4283]  Expansion[0.1152]  NoRel[0.1377]  Temporal[0.1266]  Contingency[0.0472]  EntRel
Comparison[0.1686]  EntRel[0.4062]  Expansion[0.2185]  NoRel[0.0490]  Temporal[0.0609]  Contingency[0.0969]  EntRel
Comparison[0.1002]  EntRel[0.3022]  Expansion[0.3305]  NoRel[0.0391]  Temporal[0.0703]  Contingency[0.1577]  Expansion
Comparison[0.0686]  EntRel[0.3105]  Expansion[0.3161]  NoRel[0.0157]  Temporal[0.0988]  Contingency[0.1903]  Expansion
Comparison[0.1437]  EntRel[0.2983]  Expansion[0.2958]  NoRel[0.0199]  Temporal[0.0293]  Contingency[0.2131]  EntRel
Comparison[0.1545]  EntRel[0.2985]  Expansion[0.2638]  NoRel[0.0386]  Temporal[0.0680]  Contingency[0.1765]  EntRel
Comparison[0.1379]  EntRel[0.2400]  Expansion[0.3197]  NoRel[0.0403]  Temporal[0.0681]  Contingency[0.1939]  Expansion
Comparison[0.0736]  EntRel[0.2095]  Expansion[0.5082]  NoRel[0.0330]  Temporal[0.0223]  Contingency[0.1535]  Expansion
Comparison[0.1464]  EntRel[0.3522]  Expansion[0.2444]  NoRel[0.0528]  Temporal[0.0819]  Contingency[0.1223]  EntRel
Comparison[0.1560]  EntRel[0.3583]  Expansion[0.2278]  NoRel[0.0295]  Temporal[0.1388]  Contingency[0.0896]  EntRel
Comparison[0.1344]  EntRel[0.2240]  Expansion[0.2969]  NoRel[0.0392]  Temporal[0.1005]  Contingency[0.2050]  Expansion
Comparison[0.0672]  EntRel[0.2231]  Expansion[0.3699]  NoRel[0.0424]  Temporal[0.0674]  Contingency[0.2300]  Expansion
Comparison[0.1151]  EntRel[0.2985]  Expansion[0.3654]  NoRel[0.0372]  Temporal[0.0391]  Contingency[0.1448]  Expansion
Comparison[0.1143]  EntRel[0.2201]  Expansion[0.3281]  NoRel[0.0403]  Temporal[0.0927]  Contingency[0.2045]  Expansion
Comparison[0.1209]  EntRel[0.2520]  Expansion[0.2802]  NoRel[0.0623]  Temporal[0.0819]  Contingency[0.2027]  Expansion
Comparison[0.1222]  EntRel[0.2099]  Expansion[0.3131]  NoRel[0.0571]  Temporal[0.1128]  Contingency[0.1850]  Expansion
Comparison[0.1795]  EntRel[0.3161]  Expansion[0.1574]  NoRel[0.0800]  Temporal[0.1394]  Contingency[0.1275]  EntRel
Comparison[0.1496]  EntRel[0.4142]  Expansion[0.1228]  NoRel[0.0256]  Temporal[0.2069]  Contingency[0.0809]  EntRel
