Comparison[0.1507]  EntRel[0.1624]  Expansion[0.3506]  NoRel[0.0020]  Temporal[0.1089]  Contingency[0.2253]  Expansion
Comparison[0.1197]  EntRel[0.2679]  Expansion[0.4319]  NoRel[0.0062]  Temporal[0.0209]  Contingency[0.1533]  Expansion
Comparison[0.1126]  EntRel[0.1994]  Expansion[0.3602]  NoRel[0.0048]  Temporal[0.0797]  Contingency[0.2433]  Expansion
Comparison[0.1101]  EntRel[0.1373]  Expansion[0.4510]  NoRel[0.0021]  Temporal[0.0410]  Contingency[0.2585]  Expansion
Comparison[0.1561]  EntRel[0.1306]  Expansion[0.3420]  NoRel[0.0049]  Temporal[0.0363]  Contingency[0.3301]  Expansion
Comparison[0.0742]  EntRel[0.1303]  Expansion[0.3999]  NoRel[0.0042]  Temporal[0.1213]  Contingency[0.2701]  Expansion
Comparison[0.2521]  EntRel[0.2098]  Expansion[0.2509]  NoRel[0.0075]  Temporal[0.0196]  Contingency[0.2601]  Contingency
Comparison[0.0599]  EntRel[0.2132]  Expansion[0.4464]  NoRel[0.0036]  Temporal[0.0258]  Contingency[0.2510]  Expansion
Comparison[0.0555]  EntRel[0.4560]  Expansion[0.2854]  NoRel[0.0063]  Temporal[0.0140]  Contingency[0.1828]  EntRel
Comparison[0.0759]  EntRel[0.1453]  Expansion[0.5409]  NoRel[0.0199]  Temporal[0.0489]  Contingency[0.1691]  Expansion
Comparison[0.1187]  EntRel[0.2629]  Expansion[0.2838]  NoRel[0.0179]  Temporal[0.1202]  Contingency[0.1966]  Expansion
Comparison[0.1186]  EntRel[0.2432]  Expansion[0.3681]  NoRel[0.0106]  Temporal[0.0695]  Contingency[0.1901]  Expansion
Comparison[0.0762]  EntRel[0.3076]  Expansion[0.3522]  NoRel[0.0151]  Temporal[0.0716]  Contingency[0.1773]  Expansion
Comparison[0.0875]  EntRel[0.3025]  Expansion[0.3962]  NoRel[0.0062]  Temporal[0.0163]  Contingency[0.1913]  Expansion
Comparison[0.1362]  EntRel[0.1118]  Expansion[0.3036]  NoRel[0.0404]  Temporal[0.0976]  Contingency[0.3104]  Contingency
Comparison[0.0403]  EntRel[0.4791]  Expansion[0.2986]  NoRel[0.0173]  Temporal[0.0085]  Contingency[0.1562]  EntRel
Comparison[0.0741]  EntRel[0.3411]  Expansion[0.4408]  NoRel[0.0129]  Temporal[0.0153]  Contingency[0.1158]  Expansion
Comparison[0.0911]  EntRel[0.1218]  Expansion[0.3239]  NoRel[0.0046]  Temporal[0.0336]  Contingency[0.4250]  Contingency
Comparison[0.0771]  EntRel[0.1852]  Expansion[0.3515]  NoRel[0.0055]  Temporal[0.0535]  Contingency[0.3272]  Expansion
Comparison[0.1231]  EntRel[0.2035]  Expansion[0.4292]  NoRel[0.0094]  Temporal[0.0367]  Contingency[0.1980]  Expansion
Comparison[0.0707]  EntRel[0.4483]  Expansion[0.4222]  NoRel[0.0051]  Temporal[0.0157]  Contingency[0.0380]  EntRel
Comparison[0.0414]  EntRel[0.4397]  Expansion[0.4321]  NoRel[0.0028]  Temporal[0.0070]  Contingency[0.0770]  EntRel
Comparison[0.1640]  EntRel[0.2202]  Expansion[0.3296]  NoRel[0.0304]  Temporal[0.0557]  Contingency[0.2001]  Expansion
Comparison[0.0869]  EntRel[0.2274]  Expansion[0.3919]  NoRel[0.0169]  Temporal[0.1552]  Contingency[0.1218]  Expansion
Comparison[0.0795]  EntRel[0.2124]  Expansion[0.2665]  NoRel[0.0222]  Temporal[0.2560]  Contingency[0.1633]  Expansion
Comparison[0.0958]  EntRel[0.1593]  Expansion[0.4752]  NoRel[0.0058]  Temporal[0.0620]  Contingency[0.2020]  Expansion
Comparison[0.1234]  EntRel[0.1431]  Expansion[0.2669]  NoRel[0.0712]  Temporal[0.0941]  Contingency[0.3014]  Contingency
Comparison[0.1203]  EntRel[0.1184]  Expansion[0.3257]  NoRel[0.0185]  Temporal[0.0878]  Contingency[0.3294]  Contingency
Comparison[0.0983]  EntRel[0.2622]  Expansion[0.3692]  NoRel[0.0133]  Temporal[0.0969]  Contingency[0.1602]  Expansion
Comparison[0.0546]  EntRel[0.3102]  Expansion[0.3717]  NoRel[0.0243]  Temporal[0.0717]  Contingency[0.1675]  Expansion
Comparison[0.0786]  EntRel[0.2742]  Expansion[0.3980]  NoRel[0.0160]  Temporal[0.0206]  Contingency[0.2126]  Expansion
Comparison[0.0935]  EntRel[0.1367]  Expansion[0.4433]  NoRel[0.0057]  Temporal[0.0097]  Contingency[0.3111]  Expansion
Comparison[0.0875]  EntRel[0.1341]  Expansion[0.4290]  NoRel[0.0004]  Temporal[0.0069]  Contingency[0.3422]  Expansion
Comparison[0.2088]  EntRel[0.2410]  Expansion[0.2931]  NoRel[0.0410]  Temporal[0.0575]  Contingency[0.1587]  Expansion
