Expansion[0.9709]  Contingency[0.0216]  Comparison[0.0039]  Temporal[0.0036]  Expansion
Expansion[0.0785]  Contingency[0.8740]  Comparison[0.0259]  Temporal[0.0216]  Contingency
Expansion[0.0060]  Contingency[0.9507]  Comparison[0.0178]  Temporal[0.0254]  Contingency
Expansion[0.9670]  Contingency[0.0081]  Comparison[0.0248]  Temporal[0.0002]  Expansion
Expansion[0.9667]  Contingency[0.0075]  Comparison[0.0066]  Temporal[0.0192]  Expansion
Expansion[0.9849]  Contingency[0.0023]  Comparison[0.0070]  Temporal[0.0058]  Expansion
Expansion[0.0011]  Contingency[0.0071]  Comparison[0.9871]  Temporal[0.0047]  Comparison
Expansion[0.9369]  Contingency[0.0463]  Comparison[0.0092]  Temporal[0.0076]  Expansion
Expansion[0.9069]  Contingency[0.0765]  Comparison[0.0079]  Temporal[0.0087]  Expansion
Expansion[0.0003]  Contingency[0.1450]  Comparison[0.0010]  Temporal[0.8537]  Temporal
Expansion[0.9069]  Contingency[0.0765]  Comparison[0.0079]  Temporal[0.0087]  Expansion
Expansion[0.0300]  Contingency[0.9519]  Comparison[0.0099]  Temporal[0.0082]  Contingency
Expansion[0.9369]  Contingency[0.0463]  Comparison[0.0092]  Temporal[0.0076]  Expansion
Expansion[0.0060]  Contingency[0.9507]  Comparison[0.0178]  Temporal[0.0254]  Contingency
Expansion[0.0180]  Contingency[0.9711]  Comparison[0.0059]  Temporal[0.0049]  Contingency
Expansion[0.0008]  Contingency[0.0054]  Comparison[0.9799]  Temporal[0.0138]  Comparison
Expansion[0.0219]  Contingency[0.0024]  Comparison[0.9754]  Temporal[0.0004]  Comparison
Expansion[0.0003]  Contingency[0.1450]  Comparison[0.0010]  Temporal[0.8537]  Temporal
