Comparison[0.0909]  EntRel[0.1403]  Expansion[0.2366]  NoRel[0.0058]  Temporal[0.0148]  Contingency[0.5116]  Contingency
Comparison[0.0970]  EntRel[0.1623]  Expansion[0.3793]  NoRel[0.0036]  Temporal[0.0108]  Contingency[0.3470]  Expansion
Comparison[0.2132]  EntRel[0.1286]  Expansion[0.3590]  NoRel[0.0033]  Temporal[0.0088]  Contingency[0.2871]  Expansion
Comparison[0.0573]  EntRel[0.1743]  Expansion[0.2607]  NoRel[0.0039]  Temporal[0.0100]  Contingency[0.4939]  Contingency
Comparison[0.0632]  EntRel[0.4404]  Expansion[0.2643]  NoRel[0.0314]  Temporal[0.0660]  Contingency[0.1347]  EntRel
Comparison[0.1111]  EntRel[0.2935]  Expansion[0.3070]  NoRel[0.0091]  Temporal[0.1170]  Contingency[0.1622]  Expansion
Comparison[0.1302]  EntRel[0.1212]  Expansion[0.5580]  NoRel[0.0060]  Temporal[0.0104]  Contingency[0.1742]  Expansion
Comparison[0.0657]  EntRel[0.4023]  Expansion[0.3472]  NoRel[0.0153]  Temporal[0.0167]  Contingency[0.1528]  EntRel
Comparison[0.0597]  EntRel[0.5503]  Expansion[0.2985]  NoRel[0.0114]  Temporal[0.0464]  Contingency[0.0336]  EntRel
Comparison[0.0711]  EntRel[0.3137]  Expansion[0.4047]  NoRel[0.0019]  Temporal[0.0210]  Contingency[0.1875]  Expansion
Comparison[0.0584]  EntRel[0.2643]  Expansion[0.3869]  NoRel[0.0051]  Temporal[0.0267]  Contingency[0.2586]  Expansion
Comparison[0.0828]  EntRel[0.0710]  Expansion[0.5074]  NoRel[0.0008]  Temporal[0.0061]  Contingency[0.3318]  Expansion
Comparison[0.1676]  EntRel[0.3403]  Expansion[0.2979]  NoRel[0.0414]  Temporal[0.0165]  Contingency[0.1364]  EntRel
Comparison[0.0725]  EntRel[0.3915]  Expansion[0.3378]  NoRel[0.0065]  Temporal[0.0430]  Contingency[0.1486]  EntRel
Comparison[0.0908]  EntRel[0.3529]  Expansion[0.4027]  NoRel[0.0051]  Temporal[0.0493]  Contingency[0.0991]  Expansion
Comparison[0.1352]  EntRel[0.3102]  Expansion[0.2861]  NoRel[0.0038]  Temporal[0.0876]  Contingency[0.1771]  EntRel
Comparison[0.1041]  EntRel[0.1677]  Expansion[0.3237]  NoRel[0.0094]  Temporal[0.1800]  Contingency[0.2151]  Expansion
Comparison[0.0755]  EntRel[0.2282]  Expansion[0.2921]  NoRel[0.0053]  Temporal[0.1283]  Contingency[0.2707]  Expansion
Comparison[0.1310]  EntRel[0.1856]  Expansion[0.3553]  NoRel[0.0270]  Temporal[0.0412]  Contingency[0.2599]  Expansion
Comparison[0.0885]  EntRel[0.1564]  Expansion[0.4460]  NoRel[0.0087]  Temporal[0.0163]  Contingency[0.2840]  Expansion
Comparison[0.0426]  EntRel[0.1114]  Expansion[0.5778]  NoRel[0.0058]  Temporal[0.0073]  Contingency[0.2552]  Expansion
Comparison[0.0851]  EntRel[0.2144]  Expansion[0.4703]  NoRel[0.0166]  Temporal[0.0098]  Contingency[0.2038]  Expansion
Comparison[0.1256]  EntRel[0.1463]  Expansion[0.4369]  NoRel[0.0054]  Temporal[0.0295]  Contingency[0.2564]  Expansion
Comparison[0.0797]  EntRel[0.2100]  Expansion[0.5496]  NoRel[0.0023]  Temporal[0.0132]  Contingency[0.1452]  Expansion
Comparison[0.1345]  EntRel[0.4220]  Expansion[0.3284]  NoRel[0.0135]  Temporal[0.0539]  Contingency[0.0477]  EntRel
Comparison[0.1301]  EntRel[0.2634]  Expansion[0.3420]  NoRel[0.0120]  Temporal[0.1274]  Contingency[0.1251]  Expansion
Comparison[0.1048]  EntRel[0.1550]  Expansion[0.3397]  NoRel[0.0039]  Temporal[0.0245]  Contingency[0.3722]  Contingency
Comparison[0.0662]  EntRel[0.2187]  Expansion[0.4310]  NoRel[0.0032]  Temporal[0.0145]  Contingency[0.2663]  Expansion
Comparison[0.1892]  EntRel[0.3647]  Expansion[0.2529]  NoRel[0.0054]  Temporal[0.0673]  Contingency[0.1205]  EntRel
Comparison[0.1092]  EntRel[0.1320]  Expansion[0.4905]  NoRel[0.0010]  Temporal[0.0133]  Contingency[0.2539]  Expansion
Comparison[0.0783]  EntRel[0.1461]  Expansion[0.5046]  NoRel[0.0025]  Temporal[0.0287]  Contingency[0.2398]  Expansion
Comparison[0.0685]  EntRel[0.0595]  Expansion[0.4409]  NoRel[0.0003]  Temporal[0.0034]  Contingency[0.4275]  Expansion
Comparison[0.0748]  EntRel[0.0686]  Expansion[0.5820]  NoRel[0.0014]  Temporal[0.0061]  Contingency[0.2670]  Expansion
Comparison[0.1310]  EntRel[0.1076]  Expansion[0.4426]  NoRel[0.0004]  Temporal[0.0119]  Contingency[0.3065]  Expansion
Comparison[0.0891]  EntRel[0.1049]  Expansion[0.5728]  NoRel[0.0014]  Temporal[0.1049]  Contingency[0.1269]  Expansion
Comparison[0.0975]  EntRel[0.0817]  Expansion[0.5624]  NoRel[0.0001]  Temporal[0.0200]  Contingency[0.2382]  Expansion
Comparison[0.1064]  EntRel[0.1520]  Expansion[0.4019]  NoRel[0.0031]  Temporal[0.0218]  Contingency[0.3147]  Expansion
Comparison[0.0546]  EntRel[0.3448]  Expansion[0.3782]  NoRel[0.0177]  Temporal[0.0308]  Contingency[0.1739]  Expansion
Comparison[0.1045]  EntRel[0.3555]  Expansion[0.2118]  NoRel[0.0259]  Temporal[0.0491]  Contingency[0.2532]  EntRel
Comparison[0.0584]  EntRel[0.2849]  Expansion[0.3840]  NoRel[0.0242]  Temporal[0.0479]  Contingency[0.2007]  Expansion
Comparison[0.1650]  EntRel[0.4057]  Expansion[0.2655]  NoRel[0.0060]  Temporal[0.0204]  Contingency[0.1375]  EntRel
Comparison[0.1111]  EntRel[0.2006]  Expansion[0.3757]  NoRel[0.0202]  Temporal[0.0412]  Contingency[0.2513]  Expansion
Comparison[0.0928]  EntRel[0.1743]  Expansion[0.3403]  NoRel[0.0079]  Temporal[0.0226]  Contingency[0.3622]  Contingency
Comparison[0.1122]  EntRel[0.2104]  Expansion[0.3885]  NoRel[0.0031]  Temporal[0.0364]  Contingency[0.2494]  Expansion
Comparison[0.0657]  EntRel[0.2672]  Expansion[0.3228]  NoRel[0.0070]  Temporal[0.0381]  Contingency[0.2993]  Expansion
Comparison[0.1329]  EntRel[0.1598]  Expansion[0.4359]  NoRel[0.0039]  Temporal[0.0323]  Contingency[0.2352]  Expansion
Comparison[0.1176]  EntRel[0.2251]  Expansion[0.2963]  NoRel[0.0566]  Temporal[0.0799]  Contingency[0.2245]  Expansion
Comparison[0.0689]  EntRel[0.1800]  Expansion[0.4757]  NoRel[0.0073]  Temporal[0.0235]  Contingency[0.2446]  Expansion
Comparison[0.0938]  EntRel[0.2330]  Expansion[0.2931]  NoRel[0.0107]  Temporal[0.0236]  Contingency[0.3460]  Contingency
Comparison[0.0732]  EntRel[0.1529]  Expansion[0.4471]  NoRel[0.0101]  Temporal[0.0102]  Contingency[0.3065]  Expansion
Comparison[0.1660]  EntRel[0.0788]  Expansion[0.3357]  NoRel[0.0031]  Temporal[0.0373]  Contingency[0.3791]  Contingency
Comparison[0.2782]  EntRel[0.1691]  Expansion[0.3193]  NoRel[0.0105]  Temporal[0.0149]  Contingency[0.2080]  Expansion
Comparison[0.0758]  EntRel[0.1193]  Expansion[0.3565]  NoRel[0.0015]  Temporal[0.0122]  Contingency[0.4347]  Contingency
Comparison[0.0906]  EntRel[0.0358]  Expansion[0.4575]  NoRel[0.0014]  Temporal[0.0079]  Contingency[0.4067]  Expansion
Comparison[0.0770]  EntRel[0.1261]  Expansion[0.4153]  NoRel[0.0010]  Temporal[0.0084]  Contingency[0.3721]  Expansion
Comparison[0.0993]  EntRel[0.1499]  Expansion[0.3536]  NoRel[0.0013]  Temporal[0.0165]  Contingency[0.3794]  Contingency
Comparison[0.1112]  EntRel[0.2726]  Expansion[0.3101]  NoRel[0.0307]  Temporal[0.0926]  Contingency[0.1829]  Expansion
Comparison[0.0957]  EntRel[0.2030]  Expansion[0.4668]  NoRel[0.0471]  Temporal[0.0573]  Contingency[0.1302]  Expansion
Comparison[0.1612]  EntRel[0.2504]  Expansion[0.2373]  NoRel[0.0726]  Temporal[0.1122]  Contingency[0.1663]  EntRel
Comparison[0.1439]  EntRel[0.2218]  Expansion[0.2918]  NoRel[0.0684]  Temporal[0.0573]  Contingency[0.2169]  Expansion
Comparison[0.1347]  EntRel[0.2745]  Expansion[0.2968]  NoRel[0.0568]  Temporal[0.0794]  Contingency[0.1579]  Expansion
Comparison[0.1053]  EntRel[0.2988]  Expansion[0.3130]  NoRel[0.0422]  Temporal[0.0605]  Contingency[0.1802]  Expansion
Comparison[0.1470]  EntRel[0.2666]  Expansion[0.2564]  NoRel[0.0562]  Temporal[0.0820]  Contingency[0.1919]  EntRel
Comparison[0.1200]  EntRel[0.1809]  Expansion[0.3360]  NoRel[0.0920]  Temporal[0.1083]  Contingency[0.1628]  Expansion
Comparison[0.1211]  EntRel[0.2330]  Expansion[0.3269]  NoRel[0.0228]  Temporal[0.0792]  Contingency[0.2170]  Expansion
Comparison[0.0788]  EntRel[0.3254]  Expansion[0.2871]  NoRel[0.0211]  Temporal[0.0651]  Contingency[0.2224]  EntRel
Comparison[0.0981]  EntRel[0.3932]  Expansion[0.1962]  NoRel[0.0952]  Temporal[0.1077]  Contingency[0.1096]  EntRel
Comparison[0.1749]  EntRel[0.4253]  Expansion[0.1669]  NoRel[0.0315]  Temporal[0.1407]  Contingency[0.0607]  EntRel
Comparison[0.0758]  EntRel[0.2529]  Expansion[0.2684]  NoRel[0.0727]  Temporal[0.1250]  Contingency[0.2053]  Expansion
Comparison[0.1318]  EntRel[0.2795]  Expansion[0.1798]  NoRel[0.1958]  Temporal[0.1195]  Contingency[0.0936]  EntRel
Comparison[0.1852]  EntRel[0.3321]  Expansion[0.1477]  NoRel[0.0726]  Temporal[0.1846]  Contingency[0.0778]  EntRel
Comparison[0.1285]  EntRel[0.1980]  Expansion[0.2862]  NoRel[0.0561]  Temporal[0.1134]  Contingency[0.2179]  Expansion
Comparison[0.1307]  EntRel[0.1754]  Expansion[0.3532]  NoRel[0.0138]  Temporal[0.1135]  Contingency[0.2134]  Expansion
Comparison[0.1174]  EntRel[0.2632]  Expansion[0.3748]  NoRel[0.0223]  Temporal[0.0825]  Contingency[0.1398]  Expansion
Comparison[0.0855]  EntRel[0.3869]  Expansion[0.2386]  NoRel[0.0435]  Temporal[0.0880]  Contingency[0.1575]  EntRel
Comparison[0.1291]  EntRel[0.3364]  Expansion[0.2350]  NoRel[0.0782]  Temporal[0.1369]  Contingency[0.0844]  EntRel
Comparison[0.0745]  EntRel[0.1726]  Expansion[0.3523]  NoRel[0.0094]  Temporal[0.0493]  Contingency[0.3420]  Expansion
Comparison[0.1030]  EntRel[0.1786]  Expansion[0.4289]  NoRel[0.0126]  Temporal[0.0386]  Contingency[0.2383]  Expansion
