Comparison[0.0854]  EntRel[0.4129]  Expansion[0.3138]  NoRel[0.0127]  Temporal[0.0152]  Contingency[0.1599]  EntRel
Comparison[0.0899]  EntRel[0.2705]  Expansion[0.2656]  NoRel[0.0311]  Temporal[0.0474]  Contingency[0.2956]  Contingency
Comparison[0.0864]  EntRel[0.1707]  Expansion[0.4289]  NoRel[0.0121]  Temporal[0.0540]  Contingency[0.2480]  Expansion
Comparison[0.0865]  EntRel[0.2258]  Expansion[0.4085]  NoRel[0.0063]  Temporal[0.0549]  Contingency[0.2180]  Expansion
Comparison[0.0652]  EntRel[0.1552]  Expansion[0.4846]  NoRel[0.0023]  Temporal[0.0242]  Contingency[0.2685]  Expansion
Comparison[0.1207]  EntRel[0.2393]  Expansion[0.3247]  NoRel[0.0042]  Temporal[0.1040]  Contingency[0.2072]  Expansion
Comparison[0.0687]  EntRel[0.4371]  Expansion[0.3166]  NoRel[0.0143]  Temporal[0.0244]  Contingency[0.1389]  EntRel
Comparison[0.0628]  EntRel[0.5989]  Expansion[0.2233]  NoRel[0.0137]  Temporal[0.0177]  Contingency[0.0835]  EntRel
Comparison[0.0896]  EntRel[0.5247]  Expansion[0.2580]  NoRel[0.0049]  Temporal[0.0176]  Contingency[0.1052]  EntRel
Comparison[0.0693]  EntRel[0.2188]  Expansion[0.3945]  NoRel[0.0197]  Temporal[0.0313]  Contingency[0.2663]  Expansion
Comparison[0.0943]  EntRel[0.2119]  Expansion[0.4041]  NoRel[0.0046]  Temporal[0.0417]  Contingency[0.2434]  Expansion
Comparison[0.0569]  EntRel[0.3309]  Expansion[0.4077]  NoRel[0.0247]  Temporal[0.0292]  Contingency[0.1506]  Expansion
Comparison[0.1004]  EntRel[0.4521]  Expansion[0.2833]  NoRel[0.0172]  Temporal[0.0199]  Contingency[0.1271]  EntRel
Comparison[0.1658]  EntRel[0.1801]  Expansion[0.3747]  NoRel[0.0172]  Temporal[0.0400]  Contingency[0.2222]  Expansion
Comparison[0.1238]  EntRel[0.1933]  Expansion[0.3306]  NoRel[0.0092]  Temporal[0.0580]  Contingency[0.2851]  Expansion
Comparison[0.1152]  EntRel[0.1099]  Expansion[0.4551]  NoRel[0.0033]  Temporal[0.0350]  Contingency[0.2816]  Expansion
Comparison[0.0881]  EntRel[0.2558]  Expansion[0.3826]  NoRel[0.0150]  Temporal[0.0703]  Contingency[0.1883]  Expansion
Comparison[0.0937]  EntRel[0.3258]  Expansion[0.3772]  NoRel[0.0030]  Temporal[0.0416]  Contingency[0.1587]  Expansion
Comparison[0.1135]  EntRel[0.2467]  Expansion[0.2983]  NoRel[0.0418]  Temporal[0.1384]  Contingency[0.1613]  Expansion
Comparison[0.1445]  EntRel[0.1553]  Expansion[0.2703]  NoRel[0.0276]  Temporal[0.1270]  Contingency[0.2753]  Contingency
Comparison[0.0986]  EntRel[0.3290]  Expansion[0.2782]  NoRel[0.0310]  Temporal[0.0804]  Contingency[0.1828]  EntRel
Comparison[0.1735]  EntRel[0.1528]  Expansion[0.2717]  NoRel[0.0153]  Temporal[0.1264]  Contingency[0.2602]  Expansion
Comparison[0.0882]  EntRel[0.2645]  Expansion[0.4152]  NoRel[0.0114]  Temporal[0.0750]  Contingency[0.1457]  Expansion
Comparison[0.0901]  EntRel[0.2765]  Expansion[0.3776]  NoRel[0.0111]  Temporal[0.0629]  Contingency[0.1819]  Expansion
Comparison[0.0863]  EntRel[0.3011]  Expansion[0.4777]  NoRel[0.0164]  Temporal[0.0309]  Contingency[0.0877]  Expansion
Comparison[0.1320]  EntRel[0.2266]  Expansion[0.2976]  NoRel[0.0371]  Temporal[0.0979]  Contingency[0.2088]  Expansion
Comparison[0.1061]  EntRel[0.3177]  Expansion[0.3461]  NoRel[0.0059]  Temporal[0.0514]  Contingency[0.1728]  Expansion
Comparison[0.0411]  EntRel[0.2388]  Expansion[0.4410]  NoRel[0.0136]  Temporal[0.0167]  Contingency[0.2488]  Expansion
Comparison[0.0931]  EntRel[0.3659]  Expansion[0.2965]  NoRel[0.0162]  Temporal[0.1364]  Contingency[0.0917]  EntRel
Comparison[0.1558]  EntRel[0.1227]  Expansion[0.5086]  NoRel[0.0055]  Temporal[0.1360]  Contingency[0.0714]  Expansion
Comparison[0.0926]  EntRel[0.2025]  Expansion[0.4856]  NoRel[0.0090]  Temporal[0.1037]  Contingency[0.1066]  Expansion
Comparison[0.0966]  EntRel[0.1813]  Expansion[0.4463]  NoRel[0.0101]  Temporal[0.1008]  Contingency[0.1649]  Expansion
Comparison[0.2619]  EntRel[0.1940]  Expansion[0.2412]  NoRel[0.0100]  Temporal[0.0779]  Contingency[0.2149]  Comparison
Comparison[0.1177]  EntRel[0.1787]  Expansion[0.3470]  NoRel[0.0014]  Temporal[0.0376]  Contingency[0.3176]  Expansion
Comparison[0.1071]  EntRel[0.3471]  Expansion[0.2963]  NoRel[0.0177]  Temporal[0.0698]  Contingency[0.1621]  EntRel
Comparison[0.1089]  EntRel[0.1610]  Expansion[0.2493]  NoRel[0.0082]  Temporal[0.0282]  Contingency[0.4444]  Contingency
Comparison[0.1606]  EntRel[0.0828]  Expansion[0.5829]  NoRel[0.0006]  Temporal[0.0468]  Contingency[0.1263]  Expansion
Comparison[0.1339]  EntRel[0.1689]  Expansion[0.3718]  NoRel[0.0036]  Temporal[0.0141]  Contingency[0.3078]  Expansion
Comparison[0.1077]  EntRel[0.1619]  Expansion[0.4606]  NoRel[0.0071]  Temporal[0.0463]  Contingency[0.2165]  Expansion
Comparison[0.1691]  EntRel[0.3585]  Expansion[0.3216]  NoRel[0.0082]  Temporal[0.0417]  Contingency[0.1009]  EntRel
Comparison[0.1097]  EntRel[0.3254]  Expansion[0.3025]  NoRel[0.0114]  Temporal[0.0459]  Contingency[0.2051]  EntRel
Comparison[0.0955]  EntRel[0.0906]  Expansion[0.5630]  NoRel[0.0035]  Temporal[0.0498]  Contingency[0.1976]  Expansion
Comparison[0.1086]  EntRel[0.2124]  Expansion[0.4368]  NoRel[0.0014]  Temporal[0.0274]  Contingency[0.2133]  Expansion
Comparison[0.0815]  EntRel[0.1813]  Expansion[0.4846]  NoRel[0.0155]  Temporal[0.0611]  Contingency[0.1760]  Expansion
Comparison[0.0883]  EntRel[0.3096]  Expansion[0.3086]  NoRel[0.0218]  Temporal[0.0791]  Contingency[0.1926]  EntRel
Comparison[0.1034]  EntRel[0.3309]  Expansion[0.3416]  NoRel[0.0121]  Temporal[0.0833]  Contingency[0.1288]  Expansion
Comparison[0.1123]  EntRel[0.2956]  Expansion[0.2939]  NoRel[0.0172]  Temporal[0.1339]  Contingency[0.1471]  EntRel
Comparison[0.0776]  EntRel[0.3191]  Expansion[0.3423]  NoRel[0.0219]  Temporal[0.0708]  Contingency[0.1681]  Expansion
Comparison[0.1108]  EntRel[0.2760]  Expansion[0.3805]  NoRel[0.0219]  Temporal[0.0955]  Contingency[0.1155]  Expansion
Comparison[0.1150]  EntRel[0.1350]  Expansion[0.5195]  NoRel[0.0025]  Temporal[0.0100]  Contingency[0.2180]  Expansion
Comparison[0.1298]  EntRel[0.2606]  Expansion[0.2903]  NoRel[0.0154]  Temporal[0.0242]  Contingency[0.2797]  Expansion
Comparison[0.0956]  EntRel[0.2087]  Expansion[0.4262]  NoRel[0.0273]  Temporal[0.0430]  Contingency[0.1992]  Expansion
Comparison[0.0827]  EntRel[0.1330]  Expansion[0.5282]  NoRel[0.0053]  Temporal[0.0263]  Contingency[0.2244]  Expansion
Comparison[0.0869]  EntRel[0.2792]  Expansion[0.3789]  NoRel[0.0135]  Temporal[0.0245]  Contingency[0.2170]  Expansion
Comparison[0.1097]  EntRel[0.2036]  Expansion[0.4438]  NoRel[0.0124]  Temporal[0.0152]  Contingency[0.2153]  Expansion
Comparison[0.1319]  EntRel[0.0733]  Expansion[0.4378]  NoRel[0.0143]  Temporal[0.0167]  Contingency[0.3259]  Expansion
Comparison[0.0597]  EntRel[0.2317]  Expansion[0.3808]  NoRel[0.0055]  Temporal[0.0130]  Contingency[0.3094]  Expansion
Comparison[0.0944]  EntRel[0.0846]  Expansion[0.5401]  NoRel[0.0003]  Temporal[0.0080]  Contingency[0.2724]  Expansion
Comparison[0.0794]  EntRel[0.1813]  Expansion[0.5932]  NoRel[0.0049]  Temporal[0.0331]  Contingency[0.1081]  Expansion
Comparison[0.1765]  EntRel[0.1264]  Expansion[0.3831]  NoRel[0.0036]  Temporal[0.0217]  Contingency[0.2888]  Expansion
Comparison[0.1023]  EntRel[0.2557]  Expansion[0.3333]  NoRel[0.0164]  Temporal[0.1279]  Contingency[0.1644]  Expansion
Comparison[0.0996]  EntRel[0.1598]  Expansion[0.5120]  NoRel[0.0028]  Temporal[0.0057]  Contingency[0.2200]  Expansion
Comparison[0.1692]  EntRel[0.1593]  Expansion[0.4897]  NoRel[0.0010]  Temporal[0.0139]  Contingency[0.1669]  Expansion
Comparison[0.0807]  EntRel[0.2153]  Expansion[0.3495]  NoRel[0.0090]  Temporal[0.0163]  Contingency[0.3292]  Expansion
Comparison[0.0648]  EntRel[0.2641]  Expansion[0.3873]  NoRel[0.0310]  Temporal[0.0703]  Contingency[0.1827]  Expansion
Comparison[0.1273]  EntRel[0.1848]  Expansion[0.4078]  NoRel[0.0019]  Temporal[0.0635]  Contingency[0.2147]  Expansion
Comparison[0.1221]  EntRel[0.2211]  Expansion[0.4507]  NoRel[0.0063]  Temporal[0.0199]  Contingency[0.1799]  Expansion
Comparison[0.1365]  EntRel[0.2206]  Expansion[0.3286]  NoRel[0.0142]  Temporal[0.0886]  Contingency[0.2114]  Expansion
Comparison[0.0957]  EntRel[0.2409]  Expansion[0.4898]  NoRel[0.0058]  Temporal[0.0117]  Contingency[0.1562]  Expansion
Comparison[0.1041]  EntRel[0.3022]  Expansion[0.2969]  NoRel[0.0289]  Temporal[0.1162]  Contingency[0.1516]  EntRel
Comparison[0.1301]  EntRel[0.2712]  Expansion[0.3111]  NoRel[0.0353]  Temporal[0.1292]  Contingency[0.1231]  Expansion
Comparison[0.0932]  EntRel[0.3032]  Expansion[0.3659]  NoRel[0.0144]  Temporal[0.1038]  Contingency[0.1195]  Expansion
Comparison[0.0951]  EntRel[0.3362]  Expansion[0.3513]  NoRel[0.0054]  Temporal[0.1386]  Contingency[0.0735]  Expansion
Comparison[0.1066]  EntRel[0.3164]  Expansion[0.3388]  NoRel[0.0065]  Temporal[0.1545]  Contingency[0.0772]  Expansion
Comparison[0.1223]  EntRel[0.2926]  Expansion[0.3752]  NoRel[0.0158]  Temporal[0.0862]  Contingency[0.1080]  Expansion
Comparison[0.0948]  EntRel[0.2816]  Expansion[0.3371]  NoRel[0.0235]  Temporal[0.1009]  Contingency[0.1621]  Expansion
Comparison[0.1019]  EntRel[0.2705]  Expansion[0.3487]  NoRel[0.0302]  Temporal[0.1162]  Contingency[0.1324]  Expansion
Comparison[0.1140]  EntRel[0.2596]  Expansion[0.3312]  NoRel[0.0507]  Temporal[0.1043]  Contingency[0.1403]  Expansion
Comparison[0.0679]  EntRel[0.2967]  Expansion[0.3764]  NoRel[0.0392]  Temporal[0.1411]  Contingency[0.0787]  Expansion
Comparison[0.1091]  EntRel[0.2837]  Expansion[0.3535]  NoRel[0.0185]  Temporal[0.1172]  Contingency[0.1180]  Expansion
Comparison[0.0831]  EntRel[0.3886]  Expansion[0.2868]  NoRel[0.0209]  Temporal[0.1226]  Contingency[0.0979]  EntRel
Comparison[0.0834]  EntRel[0.2417]  Expansion[0.2681]  NoRel[0.0312]  Temporal[0.2578]  Contingency[0.1179]  Expansion
Comparison[0.1648]  EntRel[0.2405]  Expansion[0.3898]  NoRel[0.0281]  Temporal[0.1099]  Contingency[0.0669]  Expansion
Comparison[0.1070]  EntRel[0.2990]  Expansion[0.2917]  NoRel[0.0269]  Temporal[0.1820]  Contingency[0.0933]  EntRel
Comparison[0.0664]  EntRel[0.3942]  Expansion[0.2550]  NoRel[0.0204]  Temporal[0.1203]  Contingency[0.1437]  EntRel
Comparison[0.1151]  EntRel[0.4236]  Expansion[0.2069]  NoRel[0.0167]  Temporal[0.1649]  Contingency[0.0729]  EntRel
Comparison[0.1132]  EntRel[0.2572]  Expansion[0.3032]  NoRel[0.0179]  Temporal[0.1698]  Contingency[0.1387]  Expansion
Comparison[0.0899]  EntRel[0.1827]  Expansion[0.4287]  NoRel[0.0291]  Temporal[0.1300]  Contingency[0.1396]  Expansion
Comparison[0.1366]  EntRel[0.2449]  Expansion[0.2988]  NoRel[0.0193]  Temporal[0.0597]  Contingency[0.2407]  Expansion
Comparison[0.0988]  EntRel[0.1844]  Expansion[0.2261]  NoRel[0.0247]  Temporal[0.3625]  Contingency[0.1034]  Temporal
Comparison[0.1598]  EntRel[0.2477]  Expansion[0.3419]  NoRel[0.0278]  Temporal[0.1131]  Contingency[0.1096]  Expansion
Comparison[0.0870]  EntRel[0.3465]  Expansion[0.3979]  NoRel[0.0076]  Temporal[0.0731]  Contingency[0.0880]  Expansion
Comparison[0.0456]  EntRel[0.2523]  Expansion[0.4491]  NoRel[0.0067]  Temporal[0.0979]  Contingency[0.1484]  Expansion
Comparison[0.1006]  EntRel[0.2373]  Expansion[0.4972]  NoRel[0.0043]  Temporal[0.1084]  Contingency[0.0522]  Expansion
Comparison[0.1108]  EntRel[0.2950]  Expansion[0.4307]  NoRel[0.0170]  Temporal[0.1183]  Contingency[0.0282]  Expansion
Comparison[0.1908]  EntRel[0.2427]  Expansion[0.2976]  NoRel[0.0104]  Temporal[0.0514]  Contingency[0.2071]  Expansion
Comparison[0.1299]  EntRel[0.2054]  Expansion[0.2776]  NoRel[0.0842]  Temporal[0.1224]  Contingency[0.1805]  Expansion
Comparison[0.0692]  EntRel[0.3403]  Expansion[0.3629]  NoRel[0.0250]  Temporal[0.1216]  Contingency[0.0810]  Expansion
Comparison[0.0994]  EntRel[0.3907]  Expansion[0.3040]  NoRel[0.0166]  Temporal[0.1087]  Contingency[0.0805]  EntRel
Comparison[0.1297]  EntRel[0.2404]  Expansion[0.3208]  NoRel[0.0143]  Temporal[0.1701]  Contingency[0.1247]  Expansion
Comparison[0.0858]  EntRel[0.3162]  Expansion[0.2886]  NoRel[0.0276]  Temporal[0.1756]  Contingency[0.1063]  EntRel
Comparison[0.0934]  EntRel[0.2807]  Expansion[0.2786]  NoRel[0.0183]  Temporal[0.1584]  Contingency[0.1705]  EntRel
Comparison[0.1090]  EntRel[0.2911]  Expansion[0.3102]  NoRel[0.0171]  Temporal[0.1729]  Contingency[0.0997]  Expansion
Comparison[0.1092]  EntRel[0.2600]  Expansion[0.2356]  NoRel[0.0437]  Temporal[0.1792]  Contingency[0.1724]  EntRel
Comparison[0.1750]  EntRel[0.2237]  Expansion[0.2618]  NoRel[0.0375]  Temporal[0.1701]  Contingency[0.1319]  Expansion
Comparison[0.1069]  EntRel[0.3265]  Expansion[0.2861]  NoRel[0.0280]  Temporal[0.1380]  Contingency[0.1145]  EntRel
Comparison[0.1129]  EntRel[0.3494]  Expansion[0.2113]  NoRel[0.0636]  Temporal[0.0957]  Contingency[0.1672]  EntRel
Comparison[0.1333]  EntRel[0.3175]  Expansion[0.2675]  NoRel[0.0772]  Temporal[0.0689]  Contingency[0.1356]  EntRel
Comparison[0.1265]  EntRel[0.3028]  Expansion[0.2899]  NoRel[0.0370]  Temporal[0.1127]  Contingency[0.1311]  EntRel
Comparison[0.0971]  EntRel[0.2363]  Expansion[0.4086]  NoRel[0.0335]  Temporal[0.0816]  Contingency[0.1429]  Expansion
Comparison[0.0946]  EntRel[0.2122]  Expansion[0.4491]  NoRel[0.0099]  Temporal[0.0774]  Contingency[0.1567]  Expansion
Comparison[0.1517]  EntRel[0.2572]  Expansion[0.3177]  NoRel[0.0269]  Temporal[0.0669]  Contingency[0.1796]  Expansion
Comparison[0.0888]  EntRel[0.2427]  Expansion[0.4567]  NoRel[0.0299]  Temporal[0.0569]  Contingency[0.1248]  Expansion
Comparison[0.0678]  EntRel[0.3109]  Expansion[0.4250]  NoRel[0.0239]  Temporal[0.0845]  Contingency[0.0878]  Expansion
Comparison[0.1370]  EntRel[0.2512]  Expansion[0.3996]  NoRel[0.0076]  Temporal[0.1132]  Contingency[0.0913]  Expansion
Comparison[0.1403]  EntRel[0.2901]  Expansion[0.2908]  NoRel[0.0412]  Temporal[0.0230]  Contingency[0.2144]  Expansion
Comparison[0.1462]  EntRel[0.4167]  Expansion[0.2532]  NoRel[0.0104]  Temporal[0.0883]  Contingency[0.0852]  EntRel
Comparison[0.1006]  EntRel[0.2187]  Expansion[0.3983]  NoRel[0.0202]  Temporal[0.0716]  Contingency[0.1905]  Expansion
Comparison[0.0782]  EntRel[0.0894]  Expansion[0.6922]  NoRel[0.0094]  Temporal[0.0916]  Contingency[0.0393]  Expansion
Comparison[0.1268]  EntRel[0.3793]  Expansion[0.2385]  NoRel[0.0191]  Temporal[0.1044]  Contingency[0.1320]  EntRel
Comparison[0.0677]  EntRel[0.3498]  Expansion[0.2317]  NoRel[0.0357]  Temporal[0.1447]  Contingency[0.1704]  EntRel
Comparison[0.1236]  EntRel[0.2724]  Expansion[0.2266]  NoRel[0.0264]  Temporal[0.1843]  Contingency[0.1667]  EntRel
Comparison[0.1053]  EntRel[0.3813]  Expansion[0.2913]  NoRel[0.0316]  Temporal[0.0457]  Contingency[0.1449]  EntRel
Comparison[0.0693]  EntRel[0.2126]  Expansion[0.5446]  NoRel[0.0156]  Temporal[0.0364]  Contingency[0.1215]  Expansion
Comparison[0.0907]  EntRel[0.2536]  Expansion[0.4568]  NoRel[0.0297]  Temporal[0.0278]  Contingency[0.1415]  Expansion
Comparison[0.0839]  EntRel[0.2445]  Expansion[0.4255]  NoRel[0.0186]  Temporal[0.0418]  Contingency[0.1857]  Expansion
Comparison[0.2526]  EntRel[0.3476]  Expansion[0.1938]  NoRel[0.0310]  Temporal[0.0301]  Contingency[0.1449]  EntRel
Comparison[0.0605]  EntRel[0.2350]  Expansion[0.5206]  NoRel[0.0314]  Temporal[0.0543]  Contingency[0.0982]  Expansion
Comparison[0.0999]  EntRel[0.3022]  Expansion[0.3188]  NoRel[0.0247]  Temporal[0.1460]  Contingency[0.1083]  Expansion
Comparison[0.1068]  EntRel[0.2358]  Expansion[0.3632]  NoRel[0.0375]  Temporal[0.0801]  Contingency[0.1765]  Expansion
Comparison[0.1396]  EntRel[0.2391]  Expansion[0.3290]  NoRel[0.0243]  Temporal[0.1047]  Contingency[0.1633]  Expansion
Comparison[0.1001]  EntRel[0.2826]  Expansion[0.2677]  NoRel[0.0963]  Temporal[0.0735]  Contingency[0.1798]  EntRel
Comparison[0.1097]  EntRel[0.2091]  Expansion[0.3789]  NoRel[0.0512]  Temporal[0.1156]  Contingency[0.1356]  Expansion
Comparison[0.1204]  EntRel[0.2207]  Expansion[0.3466]  NoRel[0.0414]  Temporal[0.0733]  Contingency[0.1976]  Expansion
Comparison[0.1038]  EntRel[0.2867]  Expansion[0.3489]  NoRel[0.0355]  Temporal[0.0731]  Contingency[0.1520]  Expansion
Comparison[0.1126]  EntRel[0.2219]  Expansion[0.3819]  NoRel[0.0179]  Temporal[0.1310]  Contingency[0.1346]  Expansion
Comparison[0.1020]  EntRel[0.1678]  Expansion[0.5064]  NoRel[0.0090]  Temporal[0.1163]  Contingency[0.0986]  Expansion
Comparison[0.1388]  EntRel[0.3300]  Expansion[0.3683]  NoRel[0.0251]  Temporal[0.0609]  Contingency[0.0770]  Expansion
Comparison[0.1423]  EntRel[0.4342]  Expansion[0.1773]  NoRel[0.0609]  Temporal[0.0823]  Contingency[0.1031]  EntRel
Comparison[0.1511]  EntRel[0.3065]  Expansion[0.2497]  NoRel[0.0304]  Temporal[0.1422]  Contingency[0.1202]  EntRel
