Comparison[0.1139]  EntRel[0.2958]  Expansion[0.3836]  NoRel[0.0109]  Temporal[0.0416]  Contingency[0.1542]  Expansion
Comparison[0.1112]  EntRel[0.2621]  Expansion[0.3777]  NoRel[0.0293]  Temporal[0.0669]  Contingency[0.1527]  Expansion
Comparison[0.0748]  EntRel[0.1785]  Expansion[0.3905]  NoRel[0.0225]  Temporal[0.1328]  Contingency[0.2010]  Expansion
Comparison[0.1449]  EntRel[0.2439]  Expansion[0.3109]  NoRel[0.0168]  Temporal[0.1016]  Contingency[0.1818]  Expansion
Comparison[0.0850]  EntRel[0.1210]  Expansion[0.4883]  NoRel[0.0120]  Temporal[0.0281]  Contingency[0.2657]  Expansion
Comparison[0.0987]  EntRel[0.2281]  Expansion[0.3548]  NoRel[0.0393]  Temporal[0.0470]  Contingency[0.2320]  Expansion
Comparison[0.0810]  EntRel[0.1463]  Expansion[0.6240]  NoRel[0.0032]  Temporal[0.0383]  Contingency[0.1071]  Expansion
Comparison[0.1270]  EntRel[0.2107]  Expansion[0.4927]  NoRel[0.0057]  Temporal[0.1231]  Contingency[0.0408]  Expansion
Comparison[0.1506]  EntRel[0.2152]  Expansion[0.4503]  NoRel[0.0145]  Temporal[0.0974]  Contingency[0.0720]  Expansion
Comparison[0.1017]  EntRel[0.2937]  Expansion[0.4153]  NoRel[0.0147]  Temporal[0.0857]  Contingency[0.0890]  Expansion
Comparison[0.1141]  EntRel[0.2694]  Expansion[0.3377]  NoRel[0.0138]  Temporal[0.0967]  Contingency[0.1682]  Expansion
Comparison[0.1260]  EntRel[0.3114]  Expansion[0.3324]  NoRel[0.0069]  Temporal[0.1082]  Contingency[0.1151]  Expansion
Comparison[0.0869]  EntRel[0.3001]  Expansion[0.3561]  NoRel[0.0212]  Temporal[0.0356]  Contingency[0.2000]  Expansion
Comparison[0.1458]  EntRel[0.2502]  Expansion[0.3799]  NoRel[0.0030]  Temporal[0.0374]  Contingency[0.1839]  Expansion
Comparison[0.1296]  EntRel[0.2435]  Expansion[0.3686]  NoRel[0.0160]  Temporal[0.0339]  Contingency[0.2083]  Expansion
Comparison[0.1821]  EntRel[0.3667]  Expansion[0.2537]  NoRel[0.0114]  Temporal[0.0407]  Contingency[0.1455]  EntRel
Comparison[0.1070]  EntRel[0.4287]  Expansion[0.3683]  NoRel[0.0122]  Temporal[0.0096]  Contingency[0.0742]  EntRel
Comparison[0.1104]  EntRel[0.2617]  Expansion[0.3464]  NoRel[0.0096]  Temporal[0.0667]  Contingency[0.2052]  Expansion
Comparison[0.1057]  EntRel[0.1893]  Expansion[0.4404]  NoRel[0.0303]  Temporal[0.0178]  Contingency[0.2165]  Expansion
Comparison[0.0928]  EntRel[0.2498]  Expansion[0.4045]  NoRel[0.0144]  Temporal[0.0866]  Contingency[0.1521]  Expansion
Comparison[0.1598]  EntRel[0.2907]  Expansion[0.2733]  NoRel[0.0500]  Temporal[0.1575]  Contingency[0.0689]  EntRel
Comparison[0.1171]  EntRel[0.2939]  Expansion[0.3889]  NoRel[0.0184]  Temporal[0.0820]  Contingency[0.0997]  Expansion
Comparison[0.0452]  EntRel[0.1796]  Expansion[0.5355]  NoRel[0.0138]  Temporal[0.0470]  Contingency[0.1789]  Expansion
Comparison[0.1312]  EntRel[0.2450]  Expansion[0.2766]  NoRel[0.0038]  Temporal[0.0562]  Contingency[0.2872]  Contingency
Comparison[0.1240]  EntRel[0.1942]  Expansion[0.4398]  NoRel[0.0027]  Temporal[0.0805]  Contingency[0.1587]  Expansion
Comparison[0.1571]  EntRel[0.2503]  Expansion[0.2624]  NoRel[0.0539]  Temporal[0.0840]  Contingency[0.1923]  Expansion
Comparison[0.1059]  EntRel[0.2919]  Expansion[0.2904]  NoRel[0.0786]  Temporal[0.0589]  Contingency[0.1744]  EntRel
Comparison[0.0929]  EntRel[0.2112]  Expansion[0.5021]  NoRel[0.0143]  Temporal[0.0263]  Contingency[0.1531]  Expansion
Comparison[0.1039]  EntRel[0.3111]  Expansion[0.3547]  NoRel[0.0086]  Temporal[0.0438]  Contingency[0.1780]  Expansion
Comparison[0.0932]  EntRel[0.0825]  Expansion[0.5315]  NoRel[0.0047]  Temporal[0.0215]  Contingency[0.2666]  Expansion
Comparison[0.0851]  EntRel[0.2545]  Expansion[0.4538]  NoRel[0.0166]  Temporal[0.0516]  Contingency[0.1384]  Expansion
Comparison[0.0974]  EntRel[0.3373]  Expansion[0.3605]  NoRel[0.0150]  Temporal[0.0993]  Contingency[0.0906]  Expansion
Comparison[0.0821]  EntRel[0.4674]  Expansion[0.2398]  NoRel[0.0153]  Temporal[0.0764]  Contingency[0.1190]  EntRel
Comparison[0.0731]  EntRel[0.2822]  Expansion[0.3286]  NoRel[0.0180]  Temporal[0.1068]  Contingency[0.1912]  Expansion
Comparison[0.0633]  EntRel[0.1113]  Expansion[0.3023]  NoRel[0.0105]  Temporal[0.4254]  Contingency[0.0873]  Temporal
Comparison[0.1351]  EntRel[0.3406]  Expansion[0.3160]  NoRel[0.0039]  Temporal[0.0720]  Contingency[0.1324]  EntRel
Comparison[0.1084]  EntRel[0.2808]  Expansion[0.5043]  NoRel[0.0095]  Temporal[0.0481]  Contingency[0.0488]  Expansion
Comparison[0.0922]  EntRel[0.1935]  Expansion[0.2996]  NoRel[0.0106]  Temporal[0.2960]  Contingency[0.1080]  Expansion
Comparison[0.0643]  EntRel[0.1524]  Expansion[0.6363]  NoRel[0.0122]  Temporal[0.0678]  Contingency[0.0671]  Expansion
Comparison[0.1121]  EntRel[0.2819]  Expansion[0.3417]  NoRel[0.0144]  Temporal[0.1038]  Contingency[0.1461]  Expansion
Comparison[0.0885]  EntRel[0.3532]  Expansion[0.3138]  NoRel[0.0078]  Temporal[0.1264]  Contingency[0.1102]  EntRel
Comparison[0.0998]  EntRel[0.3468]  Expansion[0.3259]  NoRel[0.0091]  Temporal[0.1251]  Contingency[0.0934]  EntRel
Comparison[0.0991]  EntRel[0.3705]  Expansion[0.2746]  NoRel[0.0149]  Temporal[0.1428]  Contingency[0.0981]  EntRel
Comparison[0.0740]  EntRel[0.3329]  Expansion[0.3487]  NoRel[0.0208]  Temporal[0.0685]  Contingency[0.1551]  Expansion
Comparison[0.1199]  EntRel[0.3190]  Expansion[0.3903]  NoRel[0.0085]  Temporal[0.1072]  Contingency[0.0550]  Expansion
Comparison[0.1330]  EntRel[0.3107]  Expansion[0.3390]  NoRel[0.0299]  Temporal[0.1194]  Contingency[0.0679]  Expansion
Comparison[0.1313]  EntRel[0.2204]  Expansion[0.3472]  NoRel[0.0329]  Temporal[0.1220]  Contingency[0.1462]  Expansion
Comparison[0.1124]  EntRel[0.1891]  Expansion[0.4023]  NoRel[0.0360]  Temporal[0.1279]  Contingency[0.1323]  Expansion
Comparison[0.0660]  EntRel[0.3496]  Expansion[0.3451]  NoRel[0.0229]  Temporal[0.1430]  Contingency[0.0733]  EntRel
Comparison[0.0688]  EntRel[0.2107]  Expansion[0.3724]  NoRel[0.0218]  Temporal[0.1826]  Contingency[0.1437]  Expansion
Comparison[0.0884]  EntRel[0.2861]  Expansion[0.3691]  NoRel[0.0166]  Temporal[0.1342]  Contingency[0.1056]  Expansion
Comparison[0.1055]  EntRel[0.2194]  Expansion[0.1769]  NoRel[0.0080]  Temporal[0.3710]  Contingency[0.1191]  Temporal
Comparison[0.1917]  EntRel[0.2670]  Expansion[0.2406]  NoRel[0.0148]  Temporal[0.1209]  Contingency[0.1650]  EntRel
Comparison[0.1019]  EntRel[0.2403]  Expansion[0.2623]  NoRel[0.0363]  Temporal[0.2266]  Contingency[0.1327]  Expansion
Comparison[0.1329]  EntRel[0.2083]  Expansion[0.2671]  NoRel[0.0764]  Temporal[0.1444]  Contingency[0.1709]  Expansion
Comparison[0.1062]  EntRel[0.2801]  Expansion[0.3812]  NoRel[0.0084]  Temporal[0.1217]  Contingency[0.1024]  Expansion
Comparison[0.0829]  EntRel[0.3250]  Expansion[0.3441]  NoRel[0.0131]  Temporal[0.1175]  Contingency[0.1174]  Expansion
Comparison[0.0988]  EntRel[0.3272]  Expansion[0.3288]  NoRel[0.0279]  Temporal[0.0526]  Contingency[0.1647]  Expansion
Comparison[0.1275]  EntRel[0.2254]  Expansion[0.3368]  NoRel[0.0155]  Temporal[0.0896]  Contingency[0.2051]  Expansion
Comparison[0.0648]  EntRel[0.3887]  Expansion[0.2872]  NoRel[0.0408]  Temporal[0.0555]  Contingency[0.1629]  EntRel
Comparison[0.0851]  EntRel[0.3519]  Expansion[0.2833]  NoRel[0.0124]  Temporal[0.0477]  Contingency[0.2195]  EntRel
Comparison[0.1016]  EntRel[0.2161]  Expansion[0.2881]  NoRel[0.0071]  Temporal[0.3009]  Contingency[0.0863]  Temporal
Comparison[0.1034]  EntRel[0.2734]  Expansion[0.3421]  NoRel[0.0145]  Temporal[0.0665]  Contingency[0.2001]  Expansion
Comparison[0.1088]  EntRel[0.1125]  Expansion[0.3441]  NoRel[0.0016]  Temporal[0.1487]  Contingency[0.2843]  Expansion
Comparison[0.1135]  EntRel[0.2236]  Expansion[0.2757]  NoRel[0.0300]  Temporal[0.1808]  Contingency[0.1764]  Expansion
Comparison[0.1345]  EntRel[0.1731]  Expansion[0.2521]  NoRel[0.0066]  Temporal[0.2422]  Contingency[0.1915]  Expansion
Comparison[0.1195]  EntRel[0.1534]  Expansion[0.4498]  NoRel[0.0127]  Temporal[0.0761]  Contingency[0.1885]  Expansion
Comparison[0.0762]  EntRel[0.1366]  Expansion[0.5748]  NoRel[0.0012]  Temporal[0.0114]  Contingency[0.1997]  Expansion
Comparison[0.0905]  EntRel[0.2228]  Expansion[0.3726]  NoRel[0.0651]  Temporal[0.1340]  Contingency[0.1151]  Expansion
Comparison[0.0736]  EntRel[0.2506]  Expansion[0.2344]  NoRel[0.0404]  Temporal[0.2956]  Contingency[0.1054]  Temporal
Comparison[0.1695]  EntRel[0.2688]  Expansion[0.2599]  NoRel[0.0164]  Temporal[0.1355]  Contingency[0.1499]  EntRel
Comparison[0.1065]  EntRel[0.1758]  Expansion[0.4231]  NoRel[0.0012]  Temporal[0.0305]  Contingency[0.2629]  Expansion
Comparison[0.1334]  EntRel[0.1277]  Expansion[0.4920]  NoRel[0.0039]  Temporal[0.0961]  Contingency[0.1468]  Expansion
Comparison[0.0935]  EntRel[0.2704]  Expansion[0.3885]  NoRel[0.0074]  Temporal[0.0784]  Contingency[0.1619]  Expansion
Comparison[0.1251]  EntRel[0.2515]  Expansion[0.3780]  NoRel[0.0070]  Temporal[0.0578]  Contingency[0.1806]  Expansion
Comparison[0.1444]  EntRel[0.2352]  Expansion[0.2942]  NoRel[0.0271]  Temporal[0.0706]  Contingency[0.2285]  Expansion
Comparison[0.0585]  EntRel[0.0707]  Expansion[0.4750]  NoRel[0.0038]  Temporal[0.0160]  Contingency[0.3760]  Expansion
Comparison[0.1201]  EntRel[0.2043]  Expansion[0.4512]  NoRel[0.0038]  Temporal[0.0610]  Contingency[0.1597]  Expansion
Comparison[0.1745]  EntRel[0.1382]  Expansion[0.4674]  NoRel[0.0022]  Temporal[0.0435]  Contingency[0.1742]  Expansion
Comparison[0.1114]  EntRel[0.1135]  Expansion[0.4645]  NoRel[0.0008]  Temporal[0.0467]  Contingency[0.2631]  Expansion
Comparison[0.1745]  EntRel[0.1670]  Expansion[0.4300]  NoRel[0.0074]  Temporal[0.1712]  Contingency[0.0498]  Expansion
Comparison[0.0956]  EntRel[0.1128]  Expansion[0.5572]  NoRel[0.0035]  Temporal[0.0723]  Contingency[0.1586]  Expansion
Comparison[0.1296]  EntRel[0.1565]  Expansion[0.2723]  NoRel[0.0114]  Temporal[0.0490]  Contingency[0.3812]  Contingency
Comparison[0.1670]  EntRel[0.1384]  Expansion[0.3688]  NoRel[0.0063]  Temporal[0.1201]  Contingency[0.1995]  Expansion
Comparison[0.1117]  EntRel[0.1826]  Expansion[0.2938]  NoRel[0.0231]  Temporal[0.0321]  Contingency[0.3568]  Contingency
Comparison[0.2130]  EntRel[0.2174]  Expansion[0.3084]  NoRel[0.0148]  Temporal[0.0810]  Contingency[0.1654]  Expansion
Comparison[0.1412]  EntRel[0.2195]  Expansion[0.3076]  NoRel[0.0229]  Temporal[0.1120]  Contingency[0.1968]  Expansion
Comparison[0.1521]  EntRel[0.2720]  Expansion[0.2717]  NoRel[0.0278]  Temporal[0.1638]  Contingency[0.1125]  EntRel
Comparison[0.0974]  EntRel[0.2690]  Expansion[0.3881]  NoRel[0.0162]  Temporal[0.0799]  Contingency[0.1494]  Expansion
Comparison[0.1522]  EntRel[0.2833]  Expansion[0.3051]  NoRel[0.0133]  Temporal[0.0900]  Contingency[0.1561]  Expansion
Comparison[0.0905]  EntRel[0.1567]  Expansion[0.3229]  NoRel[0.0086]  Temporal[0.2946]  Contingency[0.1266]  Expansion
Comparison[0.1032]  EntRel[0.3609]  Expansion[0.3691]  NoRel[0.0045]  Temporal[0.0859]  Contingency[0.0763]  Expansion
Comparison[0.0444]  EntRel[0.1815]  Expansion[0.4901]  NoRel[0.0152]  Temporal[0.0996]  Contingency[0.1691]  Expansion
Comparison[0.0803]  EntRel[0.3076]  Expansion[0.4935]  NoRel[0.0112]  Temporal[0.0240]  Contingency[0.0833]  Expansion
Comparison[0.1249]  EntRel[0.1384]  Expansion[0.4511]  NoRel[0.0089]  Temporal[0.0481]  Contingency[0.2287]  Expansion
Comparison[0.0942]  EntRel[0.1516]  Expansion[0.3935]  NoRel[0.0053]  Temporal[0.0336]  Contingency[0.3219]  Expansion
Comparison[0.0722]  EntRel[0.2347]  Expansion[0.4596]  NoRel[0.0014]  Temporal[0.0806]  Contingency[0.1515]  Expansion
Comparison[0.0883]  EntRel[0.0355]  Expansion[0.4792]  NoRel[0.0008]  Temporal[0.0025]  Contingency[0.3936]  Expansion
Comparison[0.1665]  EntRel[0.1375]  Expansion[0.2232]  NoRel[0.0065]  Temporal[0.0311]  Contingency[0.4353]  Contingency
Comparison[0.0805]  EntRel[0.2312]  Expansion[0.3831]  NoRel[0.0146]  Temporal[0.1558]  Contingency[0.1349]  Expansion
Comparison[0.1194]  EntRel[0.2630]  Expansion[0.3716]  NoRel[0.0201]  Temporal[0.0445]  Contingency[0.1815]  Expansion
Comparison[0.1057]  EntRel[0.2543]  Expansion[0.3919]  NoRel[0.0098]  Temporal[0.0685]  Contingency[0.1699]  Expansion
Comparison[0.2013]  EntRel[0.0887]  Expansion[0.5547]  NoRel[0.0016]  Temporal[0.0802]  Contingency[0.0734]  Expansion
Comparison[0.0634]  EntRel[0.0732]  Expansion[0.4559]  NoRel[0.0008]  Temporal[0.0133]  Contingency[0.3933]  Expansion
Comparison[0.1183]  EntRel[0.2204]  Expansion[0.3439]  NoRel[0.0099]  Temporal[0.1037]  Contingency[0.2039]  Expansion
Comparison[0.1039]  EntRel[0.1116]  Expansion[0.5959]  NoRel[0.0004]  Temporal[0.0138]  Contingency[0.1744]  Expansion
Comparison[0.0826]  EntRel[0.2176]  Expansion[0.4210]  NoRel[0.0103]  Temporal[0.0975]  Contingency[0.1710]  Expansion
Comparison[0.1591]  EntRel[0.2624]  Expansion[0.3138]  NoRel[0.0097]  Temporal[0.0327]  Contingency[0.2223]  Expansion
Comparison[0.1247]  EntRel[0.2043]  Expansion[0.3644]  NoRel[0.0110]  Temporal[0.0352]  Contingency[0.2604]  Expansion
Comparison[0.0874]  EntRel[0.2324]  Expansion[0.3356]  NoRel[0.0390]  Temporal[0.1204]  Contingency[0.1852]  Expansion
Comparison[0.0895]  EntRel[0.3087]  Expansion[0.3022]  NoRel[0.0196]  Temporal[0.1093]  Contingency[0.1708]  EntRel
Comparison[0.0690]  EntRel[0.3348]  Expansion[0.3816]  NoRel[0.0163]  Temporal[0.0567]  Contingency[0.1416]  Expansion
Comparison[0.0928]  EntRel[0.3281]  Expansion[0.3354]  NoRel[0.0266]  Temporal[0.0459]  Contingency[0.1712]  Expansion
Comparison[0.1091]  EntRel[0.4323]  Expansion[0.2548]  NoRel[0.0270]  Temporal[0.0724]  Contingency[0.1045]  EntRel
Comparison[0.0789]  EntRel[0.2758]  Expansion[0.3877]  NoRel[0.0253]  Temporal[0.0905]  Contingency[0.1417]  Expansion
Comparison[0.0572]  EntRel[0.2390]  Expansion[0.3692]  NoRel[0.0131]  Temporal[0.1834]  Contingency[0.1380]  Expansion
Comparison[0.1361]  EntRel[0.2469]  Expansion[0.2599]  NoRel[0.0664]  Temporal[0.1087]  Contingency[0.1821]  Expansion
Comparison[0.1451]  EntRel[0.3432]  Expansion[0.2309]  NoRel[0.0436]  Temporal[0.1138]  Contingency[0.1235]  EntRel
Comparison[0.0798]  EntRel[0.3239]  Expansion[0.1509]  NoRel[0.0539]  Temporal[0.3479]  Contingency[0.0436]  Temporal
Comparison[0.1133]  EntRel[0.2794]  Expansion[0.2781]  NoRel[0.0198]  Temporal[0.2228]  Contingency[0.0866]  EntRel
Comparison[0.2004]  EntRel[0.3038]  Expansion[0.1700]  NoRel[0.0649]  Temporal[0.1851]  Contingency[0.0758]  EntRel
Comparison[0.1679]  EntRel[0.3383]  Expansion[0.1578]  NoRel[0.0919]  Temporal[0.1829]  Contingency[0.0611]  EntRel
Comparison[0.1198]  EntRel[0.2659]  Expansion[0.3507]  NoRel[0.0152]  Temporal[0.0933]  Contingency[0.1551]  Expansion
Comparison[0.0662]  EntRel[0.3173]  Expansion[0.3851]  NoRel[0.0041]  Temporal[0.1438]  Contingency[0.0835]  Expansion
Comparison[0.1357]  EntRel[0.3061]  Expansion[0.2950]  NoRel[0.0140]  Temporal[0.1585]  Contingency[0.0907]  EntRel
Comparison[0.1417]  EntRel[0.2685]  Expansion[0.3190]  NoRel[0.0520]  Temporal[0.1089]  Contingency[0.1100]  Expansion
Comparison[0.1213]  EntRel[0.2350]  Expansion[0.3902]  NoRel[0.0083]  Temporal[0.1291]  Contingency[0.1161]  Expansion
Comparison[0.0744]  EntRel[0.2488]  Expansion[0.3923]  NoRel[0.0075]  Temporal[0.1466]  Contingency[0.1304]  Expansion
Comparison[0.0818]  EntRel[0.2973]  Expansion[0.2165]  NoRel[0.0054]  Temporal[0.2892]  Contingency[0.1098]  EntRel
Comparison[0.1178]  EntRel[0.2768]  Expansion[0.3410]  NoRel[0.0177]  Temporal[0.0443]  Contingency[0.2024]  Expansion
Comparison[0.0707]  EntRel[0.1991]  Expansion[0.4838]  NoRel[0.0116]  Temporal[0.0162]  Contingency[0.2185]  Expansion
Comparison[0.2015]  EntRel[0.4771]  Expansion[0.1716]  NoRel[0.0067]  Temporal[0.0741]  Contingency[0.0690]  EntRel
Comparison[0.1155]  EntRel[0.2592]  Expansion[0.3358]  NoRel[0.0225]  Temporal[0.0633]  Contingency[0.2037]  Expansion
Comparison[0.1289]  EntRel[0.3123]  Expansion[0.3024]  NoRel[0.0143]  Temporal[0.1018]  Contingency[0.1403]  EntRel
Comparison[0.0695]  EntRel[0.2415]  Expansion[0.4890]  NoRel[0.0142]  Temporal[0.0950]  Contingency[0.0908]  Expansion
Comparison[0.0898]  EntRel[0.2704]  Expansion[0.3945]  NoRel[0.0071]  Temporal[0.0920]  Contingency[0.1463]  Expansion
Comparison[0.0790]  EntRel[0.2787]  Expansion[0.2379]  NoRel[0.0132]  Temporal[0.2700]  Contingency[0.1211]  EntRel
Comparison[0.0793]  EntRel[0.1955]  Expansion[0.4579]  NoRel[0.0160]  Temporal[0.1293]  Contingency[0.1220]  Expansion
Comparison[0.1107]  EntRel[0.2931]  Expansion[0.3712]  NoRel[0.0044]  Temporal[0.1280]  Contingency[0.0927]  Expansion
Comparison[0.1035]  EntRel[0.2750]  Expansion[0.3982]  NoRel[0.0080]  Temporal[0.0690]  Contingency[0.1463]  Expansion
Comparison[0.1165]  EntRel[0.2242]  Expansion[0.3583]  NoRel[0.0200]  Temporal[0.0944]  Contingency[0.1866]  Expansion
Comparison[0.1296]  EntRel[0.2057]  Expansion[0.3705]  NoRel[0.0112]  Temporal[0.1478]  Contingency[0.1352]  Expansion
Comparison[0.1035]  EntRel[0.2750]  Expansion[0.3982]  NoRel[0.0080]  Temporal[0.0690]  Contingency[0.1463]  Expansion
Comparison[0.1161]  EntRel[0.2311]  Expansion[0.3270]  NoRel[0.0368]  Temporal[0.1165]  Contingency[0.1724]  Expansion
Comparison[0.1164]  EntRel[0.1874]  Expansion[0.4309]  NoRel[0.0092]  Temporal[0.1839]  Contingency[0.0722]  Expansion
Comparison[0.1385]  EntRel[0.2948]  Expansion[0.2793]  NoRel[0.0103]  Temporal[0.1994]  Contingency[0.0777]  EntRel
Comparison[0.1597]  EntRel[0.2411]  Expansion[0.2668]  NoRel[0.0549]  Temporal[0.1439]  Contingency[0.1337]  Expansion
