Comparison[0.0793]  EntRel[0.3229]  Expansion[0.4453]  NoRel[0.0173]  Temporal[0.0086]  Contingency[0.1266]  Expansion
Comparison[0.0854]  EntRel[0.2695]  Expansion[0.4012]  NoRel[0.0066]  Temporal[0.0246]  Contingency[0.2127]  Expansion
Comparison[0.1877]  EntRel[0.0867]  Expansion[0.5361]  NoRel[0.0015]  Temporal[0.0333]  Contingency[0.1547]  Expansion
Comparison[0.1298]  EntRel[0.2882]  Expansion[0.2929]  NoRel[0.0204]  Temporal[0.0757]  Contingency[0.1931]  Expansion
Comparison[0.0829]  EntRel[0.2398]  Expansion[0.2889]  NoRel[0.0197]  Temporal[0.0789]  Contingency[0.2897]  Contingency
Comparison[0.1262]  EntRel[0.2539]  Expansion[0.2145]  NoRel[0.0142]  Temporal[0.0403]  Contingency[0.3507]  Contingency
Comparison[0.0939]  EntRel[0.2226]  Expansion[0.3525]  NoRel[0.0053]  Temporal[0.0199]  Contingency[0.3058]  Expansion
Comparison[0.0832]  EntRel[0.3699]  Expansion[0.3520]  NoRel[0.0169]  Temporal[0.0450]  Contingency[0.1330]  EntRel
Comparison[0.1652]  EntRel[0.3500]  Expansion[0.3392]  NoRel[0.0128]  Temporal[0.0563]  Contingency[0.0765]  EntRel
Comparison[0.1245]  EntRel[0.3369]  Expansion[0.2114]  NoRel[0.0251]  Temporal[0.0732]  Contingency[0.2289]  EntRel
Comparison[0.0661]  EntRel[0.3325]  Expansion[0.3483]  NoRel[0.0177]  Temporal[0.0289]  Contingency[0.2064]  Expansion
Comparison[0.0998]  EntRel[0.2572]  Expansion[0.3164]  NoRel[0.0263]  Temporal[0.0679]  Contingency[0.2324]  Expansion
Comparison[0.1479]  EntRel[0.3033]  Expansion[0.4364]  NoRel[0.0074]  Temporal[0.0274]  Contingency[0.0777]  Expansion
Comparison[0.0833]  EntRel[0.3243]  Expansion[0.3265]  NoRel[0.0269]  Temporal[0.1491]  Contingency[0.0900]  Expansion
Comparison[0.0750]  EntRel[0.3309]  Expansion[0.3756]  NoRel[0.0224]  Temporal[0.1177]  Contingency[0.0785]  Expansion
Comparison[0.0699]  EntRel[0.3002]  Expansion[0.4456]  NoRel[0.0136]  Temporal[0.1076]  Contingency[0.0631]  Expansion
Comparison[0.0746]  EntRel[0.2518]  Expansion[0.5127]  NoRel[0.0104]  Temporal[0.1180]  Contingency[0.0325]  Expansion
Comparison[0.1217]  EntRel[0.2292]  Expansion[0.3196]  NoRel[0.0162]  Temporal[0.1913]  Contingency[0.1219]  Expansion
Comparison[0.1008]  EntRel[0.3775]  Expansion[0.3066]  NoRel[0.0182]  Temporal[0.0625]  Contingency[0.1344]  EntRel
Comparison[0.1118]  EntRel[0.2762]  Expansion[0.3747]  NoRel[0.0161]  Temporal[0.1176]  Contingency[0.1037]  Expansion
Comparison[0.1783]  EntRel[0.2488]  Expansion[0.3190]  NoRel[0.0171]  Temporal[0.0565]  Contingency[0.1804]  Expansion
Comparison[0.1014]  EntRel[0.2558]  Expansion[0.3420]  NoRel[0.0282]  Temporal[0.0959]  Contingency[0.1767]  Expansion
Comparison[0.1214]  EntRel[0.3316]  Expansion[0.3238]  NoRel[0.0142]  Temporal[0.0967]  Contingency[0.1123]  EntRel
Comparison[0.0951]  EntRel[0.2668]  Expansion[0.4327]  NoRel[0.0296]  Temporal[0.0835]  Contingency[0.0923]  Expansion
Comparison[0.0866]  EntRel[0.2241]  Expansion[0.3757]  NoRel[0.0062]  Temporal[0.2267]  Contingency[0.0807]  Expansion
Comparison[0.1115]  EntRel[0.2940]  Expansion[0.3074]  NoRel[0.0048]  Temporal[0.1808]  Contingency[0.1016]  Expansion
Comparison[0.2009]  EntRel[0.2598]  Expansion[0.3023]  NoRel[0.0077]  Temporal[0.1529]  Contingency[0.0764]  Expansion
Comparison[0.1233]  EntRel[0.2731]  Expansion[0.2718]  NoRel[0.0392]  Temporal[0.1556]  Contingency[0.1370]  EntRel
Comparison[0.1406]  EntRel[0.1091]  Expansion[0.4737]  NoRel[0.0050]  Temporal[0.1674]  Contingency[0.1042]  Expansion
Comparison[0.1219]  EntRel[0.1919]  Expansion[0.4718]  NoRel[0.0040]  Temporal[0.1054]  Contingency[0.1052]  Expansion
Comparison[0.1325]  EntRel[0.1877]  Expansion[0.4266]  NoRel[0.0080]  Temporal[0.1353]  Contingency[0.1099]  Expansion
Comparison[0.0961]  EntRel[0.2808]  Expansion[0.4049]  NoRel[0.0057]  Temporal[0.1257]  Contingency[0.0868]  Expansion
Comparison[0.3771]  EntRel[0.2029]  Expansion[0.3368]  NoRel[0.0018]  Temporal[0.0205]  Contingency[0.0608]  Comparison
Comparison[0.1237]  EntRel[0.2348]  Expansion[0.5005]  NoRel[0.0112]  Temporal[0.0685]  Contingency[0.0612]  Expansion
Comparison[0.0854]  EntRel[0.1972]  Expansion[0.3645]  NoRel[0.0101]  Temporal[0.2226]  Contingency[0.1203]  Expansion
Comparison[0.0802]  EntRel[0.1603]  Expansion[0.6478]  NoRel[0.0097]  Temporal[0.0639]  Contingency[0.0381]  Expansion
Comparison[0.1199]  EntRel[0.2050]  Expansion[0.3432]  NoRel[0.0179]  Temporal[0.1833]  Contingency[0.1306]  Expansion
Comparison[0.0656]  EntRel[0.3464]  Expansion[0.3562]  NoRel[0.0337]  Temporal[0.1267]  Contingency[0.0713]  Expansion
Comparison[0.1110]  EntRel[0.2478]  Expansion[0.3518]  NoRel[0.0207]  Temporal[0.1345]  Contingency[0.1341]  Expansion
Comparison[0.0716]  EntRel[0.2324]  Expansion[0.4315]  NoRel[0.0158]  Temporal[0.1018]  Contingency[0.1470]  Expansion
Comparison[0.0708]  EntRel[0.1210]  Expansion[0.4395]  NoRel[0.0064]  Temporal[0.3195]  Contingency[0.0428]  Expansion
Comparison[0.1009]  EntRel[0.3921]  Expansion[0.4119]  NoRel[0.0020]  Temporal[0.0592]  Contingency[0.0339]  Expansion
Comparison[0.1000]  EntRel[0.2832]  Expansion[0.3656]  NoRel[0.0186]  Temporal[0.1435]  Contingency[0.0891]  Expansion
Comparison[0.1042]  EntRel[0.1654]  Expansion[0.4094]  NoRel[0.0158]  Temporal[0.0937]  Contingency[0.2114]  Expansion
Comparison[0.1864]  EntRel[0.2561]  Expansion[0.2718]  NoRel[0.0372]  Temporal[0.1025]  Contingency[0.1460]  Expansion
Comparison[0.1152]  EntRel[0.2423]  Expansion[0.2532]  NoRel[0.1267]  Temporal[0.1245]  Contingency[0.1382]  Expansion
Comparison[0.1528]  EntRel[0.1918]  Expansion[0.2329]  NoRel[0.0538]  Temporal[0.1333]  Contingency[0.2354]  Contingency
Comparison[0.1044]  EntRel[0.2401]  Expansion[0.3629]  NoRel[0.0256]  Temporal[0.1191]  Contingency[0.1478]  Expansion
Comparison[0.1190]  EntRel[0.2881]  Expansion[0.4251]  NoRel[0.0177]  Temporal[0.0913]  Contingency[0.0588]  Expansion
Comparison[0.2041]  EntRel[0.2067]  Expansion[0.3884]  NoRel[0.0054]  Temporal[0.0151]  Contingency[0.1803]  Expansion
Comparison[0.0838]  EntRel[0.1747]  Expansion[0.3539]  NoRel[0.0080]  Temporal[0.0585]  Contingency[0.3210]  Expansion
Comparison[0.1245]  EntRel[0.1912]  Expansion[0.3427]  NoRel[0.0229]  Temporal[0.1053]  Contingency[0.2134]  Expansion
Comparison[0.1227]  EntRel[0.2935]  Expansion[0.3749]  NoRel[0.0067]  Temporal[0.0147]  Contingency[0.1875]  Expansion
Comparison[0.1106]  EntRel[0.2540]  Expansion[0.3089]  NoRel[0.0085]  Temporal[0.0206]  Contingency[0.2975]  Expansion
Comparison[0.1017]  EntRel[0.2591]  Expansion[0.3189]  NoRel[0.0347]  Temporal[0.0675]  Contingency[0.2180]  Expansion
Comparison[0.1590]  EntRel[0.2736]  Expansion[0.3099]  NoRel[0.0102]  Temporal[0.0894]  Contingency[0.1580]  Expansion
Comparison[0.0361]  EntRel[0.2305]  Expansion[0.5519]  NoRel[0.0059]  Temporal[0.0104]  Contingency[0.1651]  Expansion
Comparison[0.1239]  EntRel[0.4091]  Expansion[0.3652]  NoRel[0.0056]  Temporal[0.0260]  Contingency[0.0701]  EntRel
Comparison[0.1220]  EntRel[0.2439]  Expansion[0.3921]  NoRel[0.0122]  Temporal[0.0756]  Contingency[0.1543]  Expansion
Comparison[0.0923]  EntRel[0.2469]  Expansion[0.2977]  NoRel[0.0169]  Temporal[0.0584]  Contingency[0.2878]  Expansion
Comparison[0.0773]  EntRel[0.3911]  Expansion[0.3297]  NoRel[0.0267]  Temporal[0.0615]  Contingency[0.1137]  EntRel
Comparison[0.0818]  EntRel[0.3733]  Expansion[0.3311]  NoRel[0.0243]  Temporal[0.0751]  Contingency[0.1144]  EntRel
Comparison[0.0709]  EntRel[0.3987]  Expansion[0.2977]  NoRel[0.0358]  Temporal[0.0477]  Contingency[0.1493]  EntRel
Comparison[0.0882]  EntRel[0.3721]  Expansion[0.2824]  NoRel[0.0386]  Temporal[0.0708]  Contingency[0.1479]  EntRel
Comparison[0.1237]  EntRel[0.3735]  Expansion[0.2822]  NoRel[0.0067]  Temporal[0.0439]  Contingency[0.1700]  EntRel
Comparison[0.0502]  EntRel[0.1906]  Expansion[0.5311]  NoRel[0.0033]  Temporal[0.0483]  Contingency[0.1763]  Expansion
Comparison[0.0965]  EntRel[0.2915]  Expansion[0.4888]  NoRel[0.0052]  Temporal[0.0580]  Contingency[0.0600]  Expansion
Comparison[0.1359]  EntRel[0.3613]  Expansion[0.3159]  NoRel[0.0092]  Temporal[0.0337]  Contingency[0.1441]  EntRel
Comparison[0.0614]  EntRel[0.1733]  Expansion[0.4976]  NoRel[0.0092]  Temporal[0.0902]  Contingency[0.1683]  Expansion
Comparison[0.1767]  EntRel[0.2009]  Expansion[0.3396]  NoRel[0.0285]  Temporal[0.0518]  Contingency[0.2024]  Expansion
Comparison[0.1341]  EntRel[0.1491]  Expansion[0.4282]  NoRel[0.0063]  Temporal[0.0433]  Contingency[0.2391]  Expansion
Comparison[0.1326]  EntRel[0.2417]  Expansion[0.3794]  NoRel[0.0120]  Temporal[0.0441]  Contingency[0.1902]  Expansion
Comparison[0.0688]  EntRel[0.2594]  Expansion[0.3824]  NoRel[0.0097]  Temporal[0.0381]  Contingency[0.2416]  Expansion
Comparison[0.0857]  EntRel[0.4201]  Expansion[0.2889]  NoRel[0.0325]  Temporal[0.0356]  Contingency[0.1373]  EntRel
Comparison[0.0613]  EntRel[0.2997]  Expansion[0.4747]  NoRel[0.0118]  Temporal[0.0535]  Contingency[0.0991]  Expansion
Comparison[0.1239]  EntRel[0.2642]  Expansion[0.3703]  NoRel[0.0012]  Temporal[0.0133]  Contingency[0.2271]  Expansion
Comparison[0.1100]  EntRel[0.1328]  Expansion[0.4694]  NoRel[0.0018]  Temporal[0.0127]  Contingency[0.2734]  Expansion
Comparison[0.2305]  EntRel[0.2812]  Expansion[0.2335]  NoRel[0.0079]  Temporal[0.0348]  Contingency[0.2120]  EntRel
Comparison[0.1333]  EntRel[0.2348]  Expansion[0.3181]  NoRel[0.0564]  Temporal[0.0669]  Contingency[0.1905]  Expansion
Comparison[0.3207]  EntRel[0.2059]  Expansion[0.2843]  NoRel[0.0164]  Temporal[0.0286]  Contingency[0.1442]  Comparison
Comparison[0.2599]  EntRel[0.1809]  Expansion[0.3462]  NoRel[0.0133]  Temporal[0.0377]  Contingency[0.1620]  Expansion
Comparison[0.1168]  EntRel[0.3453]  Expansion[0.2374]  NoRel[0.0083]  Temporal[0.0620]  Contingency[0.2302]  EntRel
Comparison[0.0816]  EntRel[0.3396]  Expansion[0.3783]  NoRel[0.0161]  Temporal[0.0154]  Contingency[0.1691]  Expansion
Comparison[0.0899]  EntRel[0.3784]  Expansion[0.2739]  NoRel[0.0100]  Temporal[0.0145]  Contingency[0.2333]  EntRel
Comparison[0.4547]  EntRel[0.0821]  Expansion[0.2776]  NoRel[0.0028]  Temporal[0.0442]  Contingency[0.1387]  Comparison
Comparison[0.0715]  EntRel[0.3555]  Expansion[0.4658]  NoRel[0.0117]  Temporal[0.0362]  Contingency[0.0592]  Expansion
Comparison[0.0686]  EntRel[0.4190]  Expansion[0.2606]  NoRel[0.0101]  Temporal[0.0589]  Contingency[0.1829]  EntRel
Comparison[0.1106]  EntRel[0.2443]  Expansion[0.4020]  NoRel[0.0234]  Temporal[0.0246]  Contingency[0.1951]  Expansion
Comparison[0.1999]  EntRel[0.1451]  Expansion[0.3927]  NoRel[0.0026]  Temporal[0.0093]  Contingency[0.2504]  Expansion
Comparison[0.1792]  EntRel[0.2111]  Expansion[0.3588]  NoRel[0.0141]  Temporal[0.0383]  Contingency[0.1985]  Expansion
Comparison[0.1799]  EntRel[0.1972]  Expansion[0.3309]  NoRel[0.0063]  Temporal[0.0353]  Contingency[0.2503]  Expansion
Comparison[0.1106]  EntRel[0.2714]  Expansion[0.4170]  NoRel[0.0123]  Temporal[0.0304]  Contingency[0.1584]  Expansion
Comparison[0.3053]  EntRel[0.1604]  Expansion[0.2498]  NoRel[0.0198]  Temporal[0.0440]  Contingency[0.2207]  Comparison
Comparison[0.1240]  EntRel[0.1240]  Expansion[0.5457]  NoRel[0.0025]  Temporal[0.0178]  Contingency[0.1861]  Expansion
Comparison[0.1022]  EntRel[0.3477]  Expansion[0.3231]  NoRel[0.0121]  Temporal[0.0288]  Contingency[0.1861]  EntRel
Comparison[0.0862]  EntRel[0.4623]  Expansion[0.2797]  NoRel[0.0050]  Temporal[0.0878]  Contingency[0.0790]  EntRel
Comparison[0.1070]  EntRel[0.0824]  Expansion[0.4399]  NoRel[0.0024]  Temporal[0.0120]  Contingency[0.3562]  Expansion
Comparison[0.1473]  EntRel[0.2540]  Expansion[0.3094]  NoRel[0.0511]  Temporal[0.0393]  Contingency[0.1989]  Expansion
Comparison[0.0838]  EntRel[0.2738]  Expansion[0.3915]  NoRel[0.0137]  Temporal[0.0234]  Contingency[0.2138]  Expansion
Comparison[0.1337]  EntRel[0.3415]  Expansion[0.2446]  NoRel[0.0291]  Temporal[0.1438]  Contingency[0.1072]  EntRel
Comparison[0.1061]  EntRel[0.3312]  Expansion[0.2689]  NoRel[0.0392]  Temporal[0.0708]  Contingency[0.1837]  EntRel
Comparison[0.0817]  EntRel[0.3218]  Expansion[0.3920]  NoRel[0.0207]  Temporal[0.0631]  Contingency[0.1206]  Expansion
Comparison[0.1255]  EntRel[0.2201]  Expansion[0.3238]  NoRel[0.0323]  Temporal[0.0964]  Contingency[0.2020]  Expansion
Comparison[0.0490]  EntRel[0.2287]  Expansion[0.4488]  NoRel[0.0235]  Temporal[0.1216]  Contingency[0.1283]  Expansion
Comparison[0.0699]  EntRel[0.5512]  Expansion[0.1945]  NoRel[0.0262]  Temporal[0.0983]  Contingency[0.0598]  EntRel
Comparison[0.1001]  EntRel[0.4285]  Expansion[0.2631]  NoRel[0.0410]  Temporal[0.0876]  Contingency[0.0796]  EntRel
Comparison[0.1066]  EntRel[0.4039]  Expansion[0.2529]  NoRel[0.0210]  Temporal[0.0577]  Contingency[0.1579]  EntRel
Comparison[0.1554]  EntRel[0.2878]  Expansion[0.2266]  NoRel[0.0880]  Temporal[0.1075]  Contingency[0.1347]  EntRel
Comparison[0.1733]  EntRel[0.3641]  Expansion[0.1948]  NoRel[0.0402]  Temporal[0.1498]  Contingency[0.0778]  EntRel
Comparison[0.0767]  EntRel[0.1829]  Expansion[0.2752]  NoRel[0.0237]  Temporal[0.1887]  Contingency[0.2529]  Expansion
Comparison[0.1151]  EntRel[0.3396]  Expansion[0.2616]  NoRel[0.0474]  Temporal[0.0609]  Contingency[0.1753]  EntRel
Comparison[0.1353]  EntRel[0.2912]  Expansion[0.3070]  NoRel[0.0656]  Temporal[0.0441]  Contingency[0.1569]  Expansion
Comparison[0.1170]  EntRel[0.4212]  Expansion[0.3047]  NoRel[0.0201]  Temporal[0.0796]  Contingency[0.0575]  EntRel
Comparison[0.1227]  EntRel[0.2442]  Expansion[0.4525]  NoRel[0.0106]  Temporal[0.0792]  Contingency[0.0908]  Expansion
Comparison[0.1359]  EntRel[0.2508]  Expansion[0.2773]  NoRel[0.0469]  Temporal[0.1333]  Contingency[0.1559]  Expansion
Comparison[0.1225]  EntRel[0.3075]  Expansion[0.3064]  NoRel[0.0370]  Temporal[0.1095]  Contingency[0.1171]  EntRel
Comparison[0.1516]  EntRel[0.3237]  Expansion[0.2420]  NoRel[0.0600]  Temporal[0.0787]  Contingency[0.1440]  EntRel
Comparison[0.1464]  EntRel[0.3983]  Expansion[0.2360]  NoRel[0.0246]  Temporal[0.1351]  Contingency[0.0595]  EntRel
Comparison[0.0858]  EntRel[0.2546]  Expansion[0.4352]  NoRel[0.0287]  Temporal[0.1077]  Contingency[0.0881]  Expansion
Comparison[0.1265]  EntRel[0.2446]  Expansion[0.3708]  NoRel[0.0145]  Temporal[0.1248]  Contingency[0.1188]  Expansion
